1,0.2367345717084144,0.2012389821245591,0.12105336807654071,0.5372929715863564,0.3018584731868386,0.29595543191966833,0.5337834284171921,0.2345211919184791,0.3246090161056641,0.19106031215745853,0.24741078715567755,0.2856649245113815,0.18182690549217514,0.6132909726693676,0.14401795506394208,0.4510449458805861,0.24297027640219346,0.10343746768100244
1,0.2778272393487318,0.17712771242980588,0.21309893285038822,0.354688268981098,0.26569156864470883,0.5209915900355616,0.3132190943997615,0.2064222438529326,0.3809550339923554,0.3363371815071926,0.32665122554797443,0.25143823560395107,0.0,0.32388603608282246,0.5070502873743459,0.0,0.24341959837400926,0.2257525094552071
1,0.1924170988054513,0.08178319885332029,0.6887425187827748,0.21835499997977653,0.0,0.12027581179786073,0.2892383030363361,0.1906180708279975,0.8794705490118301,0.0,0.3016420385969532,0.11609376612863459,0.0,0.2990885585480845,0.23411466174386913,0.21996472916706497,0.378506179244558,0.1730852223869161
1,0.2232356862385808,0.3795281943683488,0.11415076175415054,0.37999191781855624,0.2846461457762615,0.1395398514543925,0.0,0.44229703196789794,0.3060994258110837,0.0,0.11665156562251705,0.4040639586186219,0.3429178402736906,0.346992237322404,0.5432235232456921,0.4253258292249561,0.16726562508279558,0.23003889546583675
1,0.6602700963095052,0.09354504860987504,0.45016897150076085,0.2497582556528747,0.09354504860987504,0.0,0.16541790671393722,0.21803227253933344,0.3017861238436692,0.1776270780094169,0.3450234224017298,0.2655801472203159,0.33808572341755866,0.2280684716039501,0.13389221576178031,0.5031989839207838,0.16183140667202192,0.24854416119018527
1,0.0,0.23695842629606023,0.2850801101697102,0.1581653013532849,0.23695842629606023,0.8712170557249216,0.2095095755393366,0.6903703743602018,0.12740878333784736,0.2249730664431753,0.0,0.6727395482283038,0.42820150379254157,0.5777189377965081,0.5087424061189935,0.7435461023048807,0.0,0.14051128696274426
1,0.21143795385094472,0.17973529725042375,0.21623606783038604,0.4798797476468245,0.3594705945008475,0.2643306826906645,0.6356602957739825,0.20946108798593124,0.19328163090458178,0.5119328517144495,0.44194669345785886,0.0,0.16239752637256294,0.5477568715066458,0.0,0.16113915219660588,0.22790804356744435,0.22645395994580156
1,0.4753496863543615,0.2597634910885486,0.10417214785329515,0.3467745080081563,0.08658783036284956,0.2546836449228562,0.7655764713564992,0.10090828808586154,0.3724552121935831,0.16441643386889446,0.10645434121165963,0.3687422649886638,0.31294130156976085,0.3166595307366036,0.24786852190620876,0.07762910117634231,0.26639365202533527,0.2251715512563007
1,0.20448811149917837,0.17382750275001488,0.31369277140150237,0.23205318996838883,0.4345687568750372,0.0,0.3073832561051575,0.10128811203167755,0.1869285763095392,0.660141222865313,0.21371008156892463,0.37013022969140413,0.0,0.21190096891318666,0.6220037791791668,0.3116852042986736,0.22247374540477763,0.26141843239875256
1,0.34778944194366146,0.08869274071631915,0.5335226244090353,0.3552044368926993,0.08869274071631915,0.1304374436290391,0.0,0.2067226443675132,0.5722641407879704,0.0,0.32712659193490756,0.37770621994727527,0.16027438037910907,0.21623825224460874,0.5077881834673369,0.2385486868242964,0.24358372732409633,0.22429268225281765
1,0.1674744750219098,0.4270908888639029,0.0,0.8552254528142681,0.4270908888639029,0.471081200874521,0.0,0.6221574422139599,0.2296399894926816,0.0,0.0,0.0,0.5788387557880772,0.6507958445333486,0.305650305876369,0.38290232800815016,0.13116054107898734,0.14152302009600945
1,0.0,0.1818992014856026,0.10941970962979863,0.36424290710320145,0.0909496007428013,0.2675130641845182,0.4824849458602244,0.31797430913523533,0.3912172496022676,0.17269873783957265,0.6709011963897707,0.2582115110724553,0.3287053886721924,0.44348122626792846,0.3905319548302877,0.24461875514460604,0.1420841065826281,0.29275346392258433
1,0.07953676731516032,0.20283346847660935,0.48805006382993216,0.40616259781433645,0.304250202714914,0.44745058440220586,0.538012779920446,0.11818969238934651,0.4362413414496935,0.19257414937198475,0.49874221751184167,0.4318925203931526,0.5498027496559125,0.3708901740367332,0.14515905934391457,0.09092374632980099,0.2113088380373313,0.12384369084840978
1,0.07654721136205532,0.29281432173227817,0.5871321002276503,0.2605974173685027,0.48802386955379695,0.43063221720581923,0.1725968143213999,0.11374728530636627,0.20992214856116775,0.55600754012675,0.35999696015853366,0.2771059570745543,0.5291372619984321,0.23796632678991494,0.13970295212888065,0.26251856077675495,0.15987650190375682,0.20897941161542535
1,0.07522673381346026,0.0,0.0,0.7683059460964218,0.2877631287381173,0.28213573121577007,0.1696194332487902,0.22357017588200176,0.10315044343462947,0.36427742195648805,0.23585788877760216,0.4084886118001345,0.3466729203311934,0.4677225780916069,0.8237580394441455,0.42998330793177625,0.1238108646022244,0.2586080582877011
1,0.20413040631011073,0.08676171564226855,0.7306694211429084,0.46329453195615106,0.3470468625690742,0.1275975497187995,0.0,0.10111093164207462,0.4665039687795016,0.32949322837795186,0.0,0.24632184766354837,0.47035462326065364,0.21153029662523312,0.2483662903225118,0.23335498673205415,0.2569309201737556,0.2319258517230398
1,0.24635869386748768,0.10471003967365813,0.0,0.4193519151500353,0.3141301190209744,0.4619806464548971,0.37032244532761666,0.366082998197107,0.0,0.5964828281735026,0.1287344681694272,0.5945564872802817,0.18921883113123367,0.6382234833602726,0.599491236906793,0.37550525194786594,0.15158149625970876,0.14412409979974214
1,0.4894278016536646,0.1783044890150943,0.42902938010457325,0.47605959709540424,0.08915224450754715,0.0,0.0,0.20779364339237558,0.671100448080044,0.0,0.32882138575897446,0.12655435308008656,0.3222094758252263,0.10867927510356498,0.510418957909073,0.15985638120212683,0.21798151968740534,0.24267854285451398
1,0.46553138273113237,0.2543981003058227,0.3060614454433298,0.22640794183477497,0.1695987335372152,0.12471158894544432,0.0,0.29647211030211856,0.4559527304721896,0.1610204276976188,0.20851107336190197,0.0,0.15323876402523515,0.2067459716928033,0.24274882060719086,0.456154075808398,0.20842760448476447,0.29559497023372433
1,0.21571850299258313,0.36674805588708276,0.11030687725595657,0.12239872134286761,0.36674805588708276,0.4045230631008318,0.16213230042044963,0.6411048467775493,0.0985973031693597,0.6963958702350806,0.33817040902147866,0.0,0.16568525489744418,0.33530770660582526,0.3936983615816656,0.16440140500910602,0.12795630779226344,0.2979738109117013
1,0.16913358167157827,0.5391523971294708,0.0,0.4318489248951254,0.6469828765553649,0.6343307002585117,0.38135833914588874,0.37699255322881403,0.1159574732592523,0.20475282514048732,0.0,0.3061373640436924,0.19485769789485763,0.6572430342504721,0.30867826852492397,0.29002169804352945,0.15678932278491273,0.10766832877513212
1,0.2628992720131368,0.08380522147559677,0.8065955583688754,0.22375364855108223,0.16761044295119354,0.0,0.14819474161594143,0.0,0.45060736908439486,0.3182654097433618,0.20606659399817034,0.5948204471554098,0.4543268085771488,0.0,0.4798059100945237,0.07513439232479201,0.31707540043037524,0.2078411143679827
1,0.13940273032469044,0.1777513737440825,0.10692462387150586,0.35593711564070196,0.1777513737440825,0.13070649641375884,0.3143219293508271,0.20714905032568182,0.38229636513653825,0.3375214145432399,0.5463355910437628,0.37848531303171035,0.16060497769197016,0.21668428600846262,0.636044495111395,0.2390407402308615,0.17865135615089905,0.2809237287479392
1,0.06849104671338474,0.0,0.0,0.4663420017210748,0.0,0.12843686390885603,0.0,0.40710408610918475,0.3756580397232901,0.1658302883767429,0.4294790657280032,0.2479421093576058,0.0,0.2129217056293691,1.0,0.7046698641018324,0.12182152935306474,0.3478276423183933
1,0.22197257214039715,0.09434518616090255,0.4540194916913845,0.37784184424976536,0.47172593080451275,0.13875030585529805,0.1668328087396572,0.3298458172959337,0.202911634254775,0.3582928223578158,0.11599152672105069,0.4017776804195636,0.17048876978618524,0.5750481380538762,0.4051123883923257,0.16916769877000826,0.2460929972023048,0.1644934239453044
1,0.20569658831928447,0.08742739127864353,0.21036441478072435,0.46684913988553495,0.34970956511457413,0.0,0.15459990955894232,0.3056601031151083,0.1880332803914996,0.4980318770983695,0.3224595871066599,0.1241058708713911,0.1579877998151464,0.4263065079670257,0.37540780545387437,0.39190898852140565,0.1329054685520435,0.3368760772674243
1,0.07408252917911863,0.18892415236564564,0.3409365031578928,0.3783099756219524,0.18892415236564564,0.27784442419224636,0.3340790162220407,0.2201696556363788,0.4063260677797844,0.3587367332510314,0.34840570715497965,0.402275467363258,0.3413999975026241,0.34545636021955145,0.40561430690970074,0.25406593646917136,0.2276492101102165,0.17991835213870735
1,0.2000816240928189,0.0,0.5115550785816886,0.5676317657833769,0.0,0.0,0.0,0.29731640350165095,0.6401516695572036,0.32295796326047554,0.1045524355715199,0.0,0.30735031467609525,0.10366737140893072,0.48688024127227114,0.5336952964796423,0.3447464418390296,0.17033596586842417
1,0.2968093492045827,0.18922968523758296,0.3414878742115869,0.3789217879915568,0.18922968523758296,0.4174406417329799,0.0,0.4410514390378709,0.20349159423772822,0.5389753369241174,0.11632305253082952,0.13430867910882166,0.5129281771964751,0.11533834696643748,0.40627027652786335,0.42412803044370867,0.1314626322313502,0.2650114884645468
1,0.3667379225567495,0.28057486128146786,0.5625903357482889,0.12485230195695109,0.18704990752097858,0.2750880350639049,0.8269118625988265,0.1089927180035852,0.6034425915100106,0.1775889211060589,0.11498310210224981,0.39828464506022926,0.16900654882107172,0.4560389582978569,0.0,0.0,0.268328817304485,0.15281214341686963
1,0.07433150810437993,0.18955909467840293,0.11402744447473594,0.6326356864095183,0.18955909467840293,0.418167318883006,0.0,0.4418192176648019,0.20384583068950507,0.0,0.2330510934401002,0.13454248252516704,0.5138210782432583,0.5776956349425642,0.2713183389335391,0.594812888521077,0.06818528971261535,0.3203373154627113
1,0.0654584534056556,0.0,0.30124749321515526,0.11142341829911635,0.1669311639580921,0.12275003632122045,0.0,0.48634830993578543,0.08975623628803972,0.6339511352705983,0.5130786570233395,0.3554458821589254,0.15082851568946887,0.3052411858731835,0.5973267360000748,0.3741494665613901,0.15380226781487108,0.3583805776718837
1,0.20590583282327266,0.0,0.3158676114348406,0.23366202068881736,0.08751632664345708,0.0,0.15475717605352346,0.20398069022279866,0.18822455692559417,0.3323589994511785,0.5379793476203599,0.49692846942830055,0.4744455379059545,0.21337008376794278,0.37578968840432736,0.5492307201811055,0.13659330066597686,0.33264863615516027
1,0.0,0.09322241516885567,0.0,0.4977936971826773,0.09322241516885567,0.13709908415664906,0.3296947728438471,0.6518408616891299,0.0,0.5310433462004707,0.0,0.264664171035179,0.6738393563198698,0.5682046795298097,0.5337217056854491,0.5850407139322098,0.2058419533321958,0.21218216266045115
1,0.07371251431421197,0.4699513650472906,0.2261557675179662,0.3764204570529501,0.18798054601891628,0.0,0.49861562243246565,0.3286049843157792,0.7075190835657903,0.0,0.3466655493594221,0.13342208333886355,0.3396948306386576,0.3437309333223578,0.26905894219531196,0.2527969709762043,0.20981876353801338,0.2007833384386569
1,0.4651129157079215,0.33889256184227484,0.4077151016566206,0.22620442331601243,0.33889256184227484,0.12459948546687809,0.29963583863569015,0.0,0.45554287371725677,0.3217513722731354,0.31248546355709605,0.0,0.15310101741608934,0.0,0.0,0.3797866983864743,0.10577965176549269,0.388839759402022
1,0.2724335468366429,0.08684449201854907,0.3134427976156607,0.46373654537441994,0.17368898403709815,0.0,0.6142766204229483,0.20241479622609768,0.4669490442113346,0.49471137984438124,0.32030967216597755,0.12327842744380729,0.31386891497987945,0.4234642208481587,0.12430162403958918,0.07785920757299056,0.35268674587312343,0.1448230542102848
1,0.29617534998268064,0.18882548141609654,0.5679307324746987,0.1260374642007511,0.18882548141609654,0.0,0.0,0.33008199876657424,0.5076423157104702,0.1792746864536986,0.23214916165343114,0.4020653676917866,0.0,0.23018395728271113,0.5405366179138877,0.5078664867832579,0.24607586488241145,0.16382118878272126
1,0.44449237972491723,0.2833844463837113,0.1136447863566211,0.5044101286652153,0.2833844463837113,0.13892133843944746,0.3340769152595067,0.22016827102921957,0.20316175623430247,0.17936723861028647,0.4645380214593021,0.2681819583503815,0.6827957009995249,0.23030279180463872,0.2704078373831045,0.0846881128981434,0.13666712905585432,0.2618842230635374
1,0.3439571767667925,0.35086176884502485,0.422115023635866,0.2341936443035983,0.2631463266337686,0.0,0.1551092767890402,0.2044447834098818,0.4716320051060038,0.16655758832589398,0.32352200911694196,0.124514768029643,0.3170166585573089,0.21385553953385816,0.25109645221670657,0.23592013714666513,0.30132132621669205,0.18222901185609475
1,0.07998790584267529,0.40796791033667806,0.12270458012661559,0.13615546087449568,0.3059759327525085,0.4499885577772495,0.5410644288811812,0.35658021964686437,0.4387157351554741,0.19366644443397632,0.25078556044419653,0.43434224725875226,0.0,0.4973251880063768,0.437947237345132,0.3657578906355759,0.27854085176364324,0.05742308953298597
1,0.2796896004386634,0.17831505374432613,0.3217911004112421,0.5951097551614575,0.4457876343608153,0.13112098906368025,0.3153186979354015,0.10390297769256977,0.38350869228008855,0.3385917526622909,0.0,0.12656185155912533,0.1611142835384323,0.43474285786144307,0.38283690057843023,0.15986585286149285,0.236761591814271,0.22570702894782135
1,0.38378427889047806,0.2936162697901565,0.35324406837010147,0.261311131067718,0.1957441798601043,0.0,0.17306951551723682,0.6843528707099505,0.420994149754873,0.18584343705300968,0.24065527021178795,0.0,0.3537242945309347,0.5965451484268882,0.2801711298824973,0.17549169068404996,0.21098347658168068,0.16021933917225548
1,0.7464738313265807,0.346117517140995,0.7287127854282108,0.11551347267528342,0.43264689642624365,0.25451172083802054,0.0,0.0,0.4652547330787186,0.1643054446260107,0.10638247925446506,0.12283111522715587,0.15636502533944602,0.0,0.12385059918361538,0.0,0.23788606223699751,0.25144718006477723
1,0.3290068562870075,0.0,0.20188376097195632,0.4480285330808278,0.16780566790915866,0.12339308815894331,0.0,0.19555845906820268,0.2706793295308472,0.1593180553490882,0.20630661091742056,0.2382053066944113,0.15161866253668702,0.30684025591346276,0.3602735745123807,0.6769971487763219,0.12699999192366196,0.3780740128889188
1,0.73584753762649,0.07818947207529613,0.7525459604626857,0.1043800096645821,0.23456841622588837,0.0,0.0,0.09112095476225943,0.4204123762408571,0.2969385908121194,0.1922581661783812,0.11099236043714994,0.28258838520099844,0.09531532484472961,0.0,0.0700996712034742,0.2074074810168296,0.3637990663202396
1,0.21307821964793855,0.09056481215527568,0.0,0.6045031202497051,0.18112962431055135,0.26638127280477036,0.3202957691784271,0.21108601791060616,0.09739052297306898,0.6878723435465788,0.5567189623845828,0.12855953630152536,0.4909720582013698,0.11040123767262726,0.6481328274300138,0.24358382476002358,0.12660671388671768,0.31061297626743534
1,0.21372196619419673,0.1816768485658864,0.6557157322576687,0.12126588596784704,0.0,0.0,0.32126343868275464,0.3175856185007877,0.781478054129659,0.17248763153302313,0.4467207261446713,0.257895874264144,0.32830358040530183,0.22146955821812447,0.2600363799964511,0.16287982271433923,0.3315642874725867,0.12319484109499364
1,0.43416613420384415,0.27680098735563397,0.2220092843679859,0.4926919011555861,0.3690679831408453,0.1356939808642071,0.32631579176841935,0.10752671076865027,0.2976629915800766,0.17520026021242738,0.34030956350563085,0.2619516766345013,0.33346665035903367,0.3374287525785706,0.2641258450543082,0.08272067704008934,0.15408596716279466,0.268531405277434
1,0.2261090780294407,0.0961033286845232,0.578100301333645,0.0,0.3844133147380928,0.2826718943762222,0.5098253203822845,0.2239950426352031,0.31003940329466795,0.5474545274673701,0.11815305338506261,0.5456865234383713,0.0,0.4686114255077203,0.27510782902720354,0.25848026199193286,0.3350194427700578,0.06648845336039631
1,0.07321643283123491,0.3734308929554246,0.3369506260082163,0.24925811097819156,0.3734308929554246,0.1372980772040022,0.16508665486032403,0.32639348943665814,0.3011817925780655,0.17727137710610258,0.2295550051956704,0.2650483189690872,0.3374087016562091,0.22761176104902706,0.26724818915976184,0.5858898737585294,0.08860058428580826,0.31641990401169184
1,0.1345884378852802,0.0,0.4129278691979326,0.3436447784623459,0.17161270563680972,0.2523850592138658,0.15173338917352067,0.09999756470987439,0.2768202807422037,0.6517301322635428,0.31648068981912,0.4872190276791342,0.4651753881824953,0.0,0.6140786111088995,0.23078543543357344,0.2179026900933131,0.2768089131242506
1,0.1538368916710682,0.29423439659354494,0.23599181653298207,0.5237224969027544,0.29423439659354494,0.5769608983317576,0.17343386489905793,0.45719572264464303,0.21094021750066239,0.3724693566963636,0.0,0.13922492518459423,0.7089379238839181,0.23912040284911576,0.42114142756542833,0.2637917089157174,0.17406802551733502,0.19137666349826393
1,0.2673527326511983,0.17044973004581088,0.4101295622139691,0.3413159853357361,0.34089946009162175,0.12533735497895485,0.1507051306463124,0.19863981337266043,0.3665924536191496,0.48548514237986895,0.20955732053447051,0.2419586342192079,0.15400767102381469,0.2077833621049091,0.365950294071819,0.1528143075505863,0.2328162401895942,0.26929349790625434
1,0.13247558227771258,0.1689186193309441,0.10161136567562849,0.4510000298074025,0.3378372386618882,0.49684591340677975,0.4480541433774531,0.39371095524819055,0.18164971896947812,0.6414988547020369,0.10383745766526321,0.0,0.1526242555428229,0.41183378392291525,0.24177536450874496,0.15144161177915405,0.26086235090013876,0.2518215229019132
1,0.2673363307948865,0.3408785462079081,0.2050522005620207,0.3412950458985631,0.255658909655931,0.0,0.3013917700367188,0.19862762699384756,0.18328498174637753,0.48545535829100683,0.3143166965642131,0.2419437902686243,0.46199466836369407,0.0,0.3659278433413511,0.30560986505294996,0.18326221719432073,0.31398670873479595
1,0.21428100414519646,0.18215206529243516,0.10957181741308483,0.2431661684240367,0.18215206529243516,0.0,0.322103775582562,0.31841633523335017,0.1958805465089397,0.34587762358445373,0.33591691863263906,0.38785568853514973,0.16458116619091248,0.3330732926122222,0.5214331274614152,0.5715705505477783,0.1282170329191405,0.30395839827670185
1,0.23434646827018782,0.19920894696049862,0.23966444002010628,0.3989046975976014,0.09960447348024931,0.14648496359285051,0.35226586008118005,0.11607770817754423,0.42844595077685804,0.0,0.8572024490218036,0.2827832271594348,0.1799926932136965,0.24284171497195173,0.2851302950234018,0.625092926096974,0.14290000676669912,0.2039165748877353
1,0.35066385644707065,0.0,0.6455185065934484,0.47752017991805973,0.08942576958239783,0.0,0.0,0.20843116824860713,0.6731594293351696,0.169805226313046,0.10994341061956298,0.38082789100944675,0.1615990180705582,0.218025420839981,0.6399811969484451,0.16034683131782718,0.34981434534640055,0.1211346106852542
1,0.29800610412009465,0.0,0.685729551786482,0.6340827094800109,0.1899926718368116,0.2794158599959107,0.16798425215054985,0.11070744689854937,0.6129362573903334,0.0,0.11679207476775265,0.2697004411619654,0.3433308916748078,0.46321359522173816,0.1359694617126218,0.2555028856187534,0.29507841880746327,0.1137373015982115
1,0.5572787768709678,0.1579071066917132,0.5699249789413658,0.31620008842203445,0.1579071066917132,0.0,0.13961542290245882,0.0,0.6792331518560675,0.0,0.19413694678643723,0.2241539946021914,0.14267494429685343,0.09624676296009523,0.22601444666151393,0.07078469751734218,0.2922030469074617,0.27963433882139627
1,0.3319133207140636,0.10580504518001457,0.3818760245150803,0.4237372888698957,0.10580504518001457,0.3112078734939073,0.18709754662101877,0.7398226241647438,0.22755877118374934,0.4018136992447159,0.13008070919791623,0.15019351581476495,0.5735927626179543,0.7738772484740187,0.1514401045105871,0.28457407430678056,0.20386870124563644,0.08587540597305009
1,0.0740869784493667,0.18893549882775448,0.6819139584446285,0.25222179751555723,0.18893549882775448,0.0,0.16704954021875107,0.11009143932503995,0.5079380887873012,0.3587582783668883,0.2322844212046958,0.5363995031215569,0.512130752105587,0.11515903591295766,0.40563866741261434,0.4234686587260672,0.3450810243913907,0.07407393811848131
1,0.0,0.09754577236602695,0.11735543642559543,0.6510997191859769,0.3901830894641078,0.4303719024178363,0.0,0.11367852570298526,0.10489762589305937,0.37044762443407403,0.5996322399864191,0.2769384480597093,0.35254493430463973,0.23782247746459662,0.5584740098751887,0.6121730294449071,0.048908387207213716,0.30954395341781277
1,0.21137415407111684,0.08984053175195657,0.43234164051297896,0.23986747380797957,0.08984053175195657,0.264250922935851,0.15886712253957658,0.4187957694204121,0.38644661931171315,0.17059279330181112,0.22090666971748296,0.25506279598551984,0.1623485241653506,0.43807327205967994,0.3857696812469093,0.4027263242353582,0.28373748416307687,0.17643689264248297
1,0.18652380709478747,0.07927836819707412,0.2861348249096535,0.6350018706329694,0.23783510459122237,0.0,0.1401898006333645,0.0,0.5115206373482086,0.3010738697871478,0.29240343903024574,0.0,0.14326190889616977,0.09664272206093653,0.5673606747564387,0.3553795285131943,0.22495235087463164,0.3369096668328004
1,0.345489638324464,0.08810624825422489,0.2119978542360186,0.4704741341867531,0.17621249650844978,0.0,0.0,0.4107113271574148,0.473733307145945,0.1672996664637808,0.1083211413801474,0.2501390584548439,0.0,0.4296166964838805,0.8827531423164217,0.1579808347508771,0.28582884338184683,0.1922069863693536
1,0.22634931123689703,0.38482174081453907,0.5787145132477847,0.256861288094397,0.4810271760181738,0.0,0.17012233081686187,0.2242330297519325,0.5172813493649966,0.18267872642958868,0.23655717397390869,0.27313314840780023,0.1738503781914138,0.3518319819105252,0.41310018261237774,0.08625162949389818,0.3151180109864394,0.08337696662061271
1,0.4503771685141465,0.1640778693499841,0.8882951330676996,0.21903779542088075,0.1640778693499841,0.0,0.0,0.09560706648671403,0.7939985857428776,0.0,0.20172351490815776,0.11645679099300953,0.44475137364575434,0.10000793586292807,0.11742336880042069,0.0,0.3292400786821522,0.21486258809067896
1,0.37028316969830966,0.4721452867880471,0.22721155348233982,0.12605924631532078,0.2832871720728283,0.0,0.3339622402936486,0.44018539250089667,0.3046380286466188,0.5379170074805588,0.23218928226097005,0.26808990243297787,0.17064033127786182,0.23022373825864106,0.540630034824607,0.08465904292649439,0.24011711156082868,0.16902294645332966
1,0.2801329979129816,0.08929887006894109,0.6446024844580331,0.0,0.08929887006894109,0.0,0.15790928946253963,0.4162707885806913,0.48014584527638143,0.16956426444375305,0.2195747911524843,0.3802874777224767,0.16136970120961305,0.4354320643419532,0.3834438195147297,0.32023858274149,0.28079288922179046,0.1846033075704906
1,0.15181824927643015,0.0,0.34934271006536377,0.2584251141672352,0.09679115432478506,0.5693900372933582,0.17115807169660718,0.4511964161171098,0.10408613361551282,0.3675818266249779,0.23799738428789477,0.41219406153294436,0.5247264486459584,0.5899566828945305,0.2770768161708524,0.43388373865973995,0.1652742064153932,0.21239917653354834
1,0.28100153321147436,0.1791514715536613,0.9699015528022469,0.0,0.08957573577683065,0.0,0.15839887759703258,0.2087807054038298,0.5779614098715794,0.1700899881183275,0.4405111388384432,0.38146653588569734,0.4856100544199129,0.2183910474686997,0.0,0.1606157314815539,0.2512172049321465,0.208427770539491
1,0.3641842445283695,0.46436859314084084,0.13966822341078453,0.46493597814510296,0.3482764448556306,0.17073283478926188,0.20528847267322106,0.4058766651588275,0.12484180958912384,0.0,0.28545612273132476,0.6591855002671757,0.8391485924560304,0.28303966076331705,0.6646566631774067,0.3122423470104003,0.09507729674393813,0.07916137260051212
1,0.3290142024968918,0.0839047073739818,0.4037765374428421,0.67205780528864,0.2517141221219454,0.12339584333412146,0.14837066486685596,0.0,0.5413707467560879,0.0,0.30946682613333804,0.11910531272366709,0.15162204794491205,0.3068471071777383,0.3602816188593101,0.15044717001480193,0.2626464034604904,0.25585993601349305
1,0.3731492140807997,0.19031990337606514,0.11448510160627982,0.6351748140282086,0.47579975844016287,0.13994855423118063,0.0,0.3326943675202389,0.20466398020237264,0.3613870410684281,0.23398646031969905,0.1350824781981991,0.17196111170459202,0.46401140545463904,0.5448145881640873,0.17062863191212588,0.08743618860813193,0.29912312662326945
1,0.15711932463256295,0.20034166999549793,0.1205135986228692,0.4011729116845312,0.3005125049932469,0.44195367753096926,0.1771344404151138,0.35021321472299,0.32316160465347377,0.0,0.24630759781417144,0.28439116234609313,0.18101615060778203,0.48844507703460377,0.4301273638273718,0.6286472702527391,0.08815886462805952,0.24746404785463064
1,0.1330231808761477,0.0,0.2040627690468439,0.5660803439086984,0.2544252872824281,0.12472491660412965,0.14996873721191814,0.3953383915166381,0.18240058286306185,0.6441505424145405,0.20853335649085078,0.24077634700131492,0.45976542096488626,0.31015209928371223,0.6069369066259643,0.07603380400186753,0.18860216527338303,0.3133621660323946
1,0.35337704928499575,0.18023536788335948,0.21683769315917614,0.3609111740154946,0.4505884197083987,0.662665299560395,0.47807165179987504,0.0,0.19381939098276293,0.1711190609595441,0.2215881524073416,0.25584964810054817,0.16284935878969342,0.43942469957511077,0.0,0.24238122523120123,0.08599011767794751,0.35175334119053
1,0.47801619186624345,0.4063432357852008,0.48886370590437866,0.27122648198437904,0.507929044731501,0.4481965419354318,0.0,0.473546919082369,0.32772645880255774,0.19289519518673212,0.0,0.14420418021251233,0.36714622758710314,0.371508495542988,0.1454010581201107,0.09107532788067649,0.19832309550251243,0.13382061090083353
1,0.6708841800013376,0.2566318127499879,0.5145813029695117,0.11419794500077529,0.17108787516665863,0.12580660430846852,0.30253870829905677,0.0,0.4599561695182457,0.1624342485267861,0.42068376038172683,0.24286450084529454,0.3091685177529891,0.0,0.12244012396408438,0.07669321379056254,0.1893764466799665,0.30517758997015415
1,0.24158799179248436,0.20536468843983324,0.1235351469043101,0.4112312232420039,0.10268234421991662,0.4530344550538369,0.36315120232981507,0.5983230858455914,0.33126399643603144,0.19497734020115226,0.0,0.43728223727664767,0.3711092692097502,0.6258643737685469,0.4409116289379041,0.2761752334618582,0.26556477247545246,0.06208483626170888
1,0.4237592590262853,0.3241993478316644,0.13001265980348856,0.8655879151436816,0.6483986956633288,0.4767891240684501,0.19109644060368539,0.12593918048743147,0.0,0.4104017882554042,0.0,0.3068072969667744,0.7811364518805638,0.39520878364886375,0.30935376181327434,0.09688545479837807,0.028950014506237076,0.22042838028422226
1,0.47570620494430205,0.08665277238779066,0.7297519484523616,0.23135639566897964,0.34661108955116265,0.0,0.1532301327794108,0.0,0.3727345585587519,0.32907949676416126,0.21306836676817661,0.36901882659402324,0.46976401756507236,0.21126468639882817,0.0,0.15537464807037088,0.2743106297717292,0.2173785877833429
1,0.4184524769342269,0.2667828042120451,0.21397416248629253,0.23743001832933247,0.2667828042120451,0.26156569075483777,0.1572527663617107,0.6218101539436033,0.19125983704639382,0.5065778539810546,0.10933094389046122,0.0,0.1606987911131991,0.4336217135383044,0.2545664099020427,0.1594535799738345,0.19167975070794824,0.26865883598580115
1,1.0,0.19616807452553767,0.2360060250722977,0.5237540290626278,0.29425211178830646,0.14424890896416917,0.0,0.1143058123440678,0.31642937660886805,0.0,0.0,0.27846661521173477,0.35449030372514423,0.3587021996304214,0.4211667835486099,0.0879358637414533,0.1321923249230532,0.22903964104827995
1,0.20681549222746617,0.08790295993334557,0.4230174194477831,0.4693886050823926,0.3516118397333823,0.12927593947969832,0.0,0.20488184465145592,0.37811220649853927,0.33382730894622137,0.10807121105870911,0.12478095520351792,0.31769437550404533,0.3214690785784419,0.3774498678143461,0.3940408104562813,0.23844740169680884,0.23695920193557124
1,0.3535037411781741,0.18029998543569078,0.5422885832237069,0.1203468556750077,0.27044997815353616,0.2651611506944591,0.1594143496344118,0.2101191679705991,0.4847221966162867,0.17118041015535562,0.11083379783045896,0.3839120620552281,0.16290774315169346,0.21979112053287003,0.387098487475471,0.24246812316743557,0.22871757345985883,0.22285059793782647
1,0.0797472167823386,0.30505523031675913,0.24467070736392135,0.4072372794387363,0.5084253838612652,0.4486345115374756,0.5394363291378881,0.23700483030857594,0.0,0.7723347556125737,0.37504639440041715,0.4330352818337185,0.3675049962792797,0.49582870261996786,0.29108628283948446,0.0,0.17161213754927762,0.15687227858232114
1,0.21233295290467585,0.3609922032568102,0.10857568844827456,0.4819110382085532,0.3609922032568102,0.2654495722115451,0.15958774806946316,0.21034771913292513,0.48524943943050425,0.17136660678884852,0.22190870829774983,0.12810988383543523,0.16308494142640984,0.11001509604356545,0.6458659047839616,0.24273186098779798,0.1732765654690984,0.27179560856573937
1,0.2570840937857827,0.0,0.3943770680440264,0.43760869726670903,0.2458544968868612,0.24104665026416847,0.14491676055401467,0.1910103401759956,0.26438411848124577,0.7780639122799137,0.20150852138873648,0.11633267330961752,0.2961849100893331,0.09990134909186663,0.46919288381882496,0.14694492696807032,0.2772254720841391,0.26260920324450865
1,0.5010089098775452,0.1597081739025771,0.7685672887490291,0.1066022080275097,0.07985408695128855,0.0,0.0,0.09306087445714907,0.7728529430116962,0.0,0.19635124667831558,0.2267106649023468,0.14430227551308922,0.0,0.3428885055412718,0.1431841165047991,0.3362701770848627,0.23077019254203854
1,0.6518738400810947,0.08311994342747982,1.0,0.0,0.08311994342747982,0.1222417172781756,0.0,0.0,0.8044609280935102,0.0,0.2043815806919494,0.3539739484952934,0.1502039211145352,0.0,0.23794126070557758,0.0,0.3104790011115319,0.22075913821621487
1,0.34855859467166767,1.0,0.1336756337040255,0.14832916176300082,1.0,0.817036951111422,0.19648038763988027,0.38846216480615336,0.11948536039225385,0.21098221973624448,0.13660418658213377,0.0,0.0,0.4063433874786509,0.0,0.09961510353262071,0.06692840809117136,0.1552231204034961
1,0.14925924510421315,0.19031934166198705,0.45793905485038305,0.2540691757440783,0.19031934166198705,0.0,0.0,0.4435911807989846,0.5116584403822279,0.18069298723164032,0.2339857697272465,0.405246238538982,0.17196060417502934,0.34800752697137344,0.6810162252338798,0.341256256630543,0.20307803019615672,0.19495179165482038
1,0.15947470360932875,0.4066899920534469,0.2446404408397332,0.40718690292615234,0.4066899920534469,0.14952633801969453,0.0,0.23697551207711895,0.43734150241586056,0.19305980385289165,1.0,0.14432723800944933,0.183729767386582,0.12394184176849742,0.7276256864121796,0.09115304774419081,0.13770310622036078,0.1875467585819524
1,0.42947047763339935,0.2738072891544476,0.21960817734301277,0.48736326821854564,0.18253819276963176,0.1342264036337001,0.3227865738701439,0.21272754456928228,0.3925915514717428,0.34661081787461456,0.0,0.12955928942660144,0.4947901401860511,0.11125978139136472,0.39190384933687883,0.32730409748527817,0.285009096569422,0.16074936887008257
1,0.2634280093456558,0.0,0.20205444147972307,0.33630548557791606,0.3358950749013122,0.0,0.5939711507064279,0.19572379191583317,0.09030272417677437,0.7972637456379481,0.30972154601591084,0.23840669487196256,0.0,0.5118327846479789,0.24038544268423326,0.22585650297114326,0.2666080034701946,0.25158818190585935
1,0.4440589225488424,0.11324323895597865,0.27248151114246294,0.4535264171610228,0.0,0.16654303924303504,0.801002717555986,0.5278885650539998,0.3653345489033132,0.0,0.41767651467470696,0.3215045213035397,0.6139168710721777,0.8282815438756803,0.0,0.3045798982701662,0.1517988862100149,0.05706493920951252
1,0.14328838319996165,0.0913529702611951,0.32971498714107667,0.7317167131837841,0.4567648513059755,0.26869950826984534,0.16154160308076662,0.212923035534816,0.29471424951316705,0.3469293440137093,0.11231278374953171,0.1296783509737798,0.1650816130627276,0.556810130882557,0.3922639985693554,0.16380244063046467,0.24172323809894725,0.19888898559307136
1,0.0839249753070404,0.10701210526880518,0.0,1.0,0.642072631612831,0.15737911959751044,0.18923201932837064,0.37413138665865625,0.0,0.2031988635743506,0.0,0.3038139494712396,0.3867576698273338,0.9131568884791138,0.30633556988201033,0.5756411850621695,0.13242588438374847,0.13794636553108852
1,0.14770760805226135,0.09417043045925098,0.5664731385519556,0.6285699455796745,0.0,0.0,0.0,0.4389797913231355,0.6076073423727332,0.17881457806629375,0.11577667547677836,0.1336778223798381,0.8508648661656111,0.22959319027880862,0.4043619982286929,0.3377086984767508,0.31432408546537854,0.1048074039690028
1,0.7404635046654663,0.28324783493497924,0.340770004472039,0.37812522534381254,0.37766377991330563,0.0,0.0,0.33009320140649406,0.20306381782518973,0.3585615417004037,0.11607852027732998,0.13402633779080714,0.6824665449322393,0.11509588474347321,0.27027748158240755,0.08464728720731585,0.1709434601480775,0.23147045500276647
1,0.2895087458795719,0.2768628195328067,0.22205887710078712,0.24640097966785315,0.2768628195328067,0.5428971694732712,0.0,0.6453043813802968,0.09924316131327886,0.350478793364801,0.0,0.0,0.5003117108824333,0.4500055038234044,0.1320924229205655,0.4136957764814073,0.1310486768734231,0.28907439182985695
1,0.20953630982511118,0.0890593912900869,0.5357281755598708,0.5944547185731757,0.1781187825801738,0.0,0.15748581351283245,0.10378861181059632,0.6704014882704794,0.3382190651293432,0.2189859426842812,0.252845090164143,0.48281083572377226,0.1085660842308017,0.5098873499528588,0.07984494435522765,0.3355625567700422,0.13770264940857008
1,0.6482020753040137,0.16530351892059977,0.5966204214208465,0.11033699579085109,0.2479552783808996,0.1215531747961885,0.2923100952818015,0.19264248842991336,0.5332864643730615,0.4708273952530856,0.101615187335908,0.0,0.14935787785736265,0.10075498776050666,0.11830051269630767,0.0,0.31722893997473034,0.21944441664372374
1,0.21357079017027666,0.1815483396246035,0.5460432603127314,0.1211801086619191,0.1815483396246035,0.0,0.0,0.10578699154130435,0.3904626381958988,0.17236562257542792,0.8928094773512133,0.3865701778042818,0.3280713551885485,0.0,0.3897786652757856,0.4069115245773059,0.14765035269894006,0.2895249872475776
1,0.0,0.08996674653031962,0.8658980535405535,0.0,0.08996674653031962,0.0,0.47727093329035336,0.10484603135320335,0.5804842931546648,0.5124973649062023,0.8848680645035027,0.5108422550102312,0.3251532073180872,0.10967217763668971,0.2575410931274313,0.0,0.3445355750981296,0.12038305943167246
1,0.19828345996031183,0.16855316638626233,0.5069576549138324,0.11250607447158252,0.25282974957939347,0.12394274864796721,0.4470847848382777,0.09821479184900885,0.18125672247826272,0.8001387267242888,0.6216768411310372,0.3588996056595272,0.45688216564252215,0.0,0.24125228706908083,0.0,0.24767034287518694,0.26556539878249386
1,0.45209386947621333,0.1921538317398885,0.34676485055756473,0.25651815112373727,0.09607691586994425,0.14129710274622215,0.3397901341206746,0.3359002205406349,0.41327225705147547,0.18243468878087926,0.472482321902418,0.2727682741138701,0.17361813419480682,0.46848263343713403,0.2750322190334939,0.17227281458662894,0.19289482495465202,0.19478812151827302
1,0.0753392402045729,0.28819349689938684,0.2311466899644278,0.6412124973095102,0.3842579958658491,0.2825576832441769,0.5096193298747573,0.0,0.5165235575959068,0.18241111106814933,0.5905265733330213,0.13636651088054322,0.1735956959265142,0.35131656533824474,0.27499667409028616,0.17225055018636254,0.24661132166238076,0.1465248298777663
1,0.4020826496281086,0.2563462823274355,0.41120702085349164,0.22814177507214037,0.512692564654871,0.12566663096493347,0.0,0.19916166354584997,0.1837777675746485,0.8112676149986453,0.0,0.2425942880341615,0.15441226730505223,0.10416461672848877,0.48921558476432264,0.07660788436274972,0.2292979936388718,0.27018371978927447
1,0.0,0.1837937247556275,0.22111868364778567,0.12267886108635863,0.27569058713344125,0.5405985522278992,0.0,0.6425721737672162,0.09882296748117386,0.34899487220281167,0.11298146521114384,0.1304504225614806,0.1660644665779093,0.5601252353589034,0.2630662917635595,0.7414995522672019,0.10641325597088565,0.3152443987952285
1,0.13398982114471292,0.17084941392986683,0.5138640826883167,0.11403877660162695,0.08542470696493341,0.2512625116615771,0.0,0.5973167987195277,0.3674520683318788,0.4866235459860565,0.10502435348065678,0.12126299889273032,0.30873760055883576,0.20827058881501287,0.48907787066469305,0.3063452770280025,0.3116587260164452,0.1962351615484344
1,0.22442638428472175,0.19077626393740313,0.5737981044941727,0.25467914982700807,0.38155252787480626,0.1402841313286594,0.16867707430909085,0.33349212217239166,0.5128868396440879,0.3622535967465086,0.11727376359456336,0.270812774249223,0.0,0.46512404003307345,0.4095907331214425,0.17103777555321886,0.3307125795660602,0.07764853919305205
1,0.07453924822744118,0.19008887041765707,0.2286922519184642,0.3806422579286111,0.09504443520882853,0.2795573360272621,0.0,0.3322905034859974,0.20441553469569174,0.36094834645085355,0.4674048393909721,0.40475549700929553,0.6870094593333281,0.0,0.6801915341884615,0.5112645076904533,0.08947055569932144,0.2984663929123885
1,0.2253332667275932,0.2873207548932589,0.2304467039200522,0.38356242057386736,0.5746415097865178,0.0,0.5080760396856948,0.4464529697582942,0.3089756155193592,0.5455761357930586,0.0,0.0,0.0,0.7005053330174998,0.13708194814045546,0.2575933807118645,0.29860214643823,0.10265103255825744
1,0.08041811250634832,0.10254053086776468,0.24672906799372132,0.2737755178262756,0.30762159260329397,0.15080292486998123,0.18132482928327762,0.5974967490189608,0.22053766113986206,0.19470805933872495,0.2521343845960411,0.2911188746876709,0.0,1.0,0.2935351274556911,0.6435188927169827,0.0907517344387051,0.2210060852602773
1,0.1462680031070259,0.27975784720845615,0.4487616901111718,0.24897748183831175,0.4662630786807602,0.0,0.4947023723833427,0.32602601684431787,0.3008427047663712,0.7082871791120784,0.2292965589472801,0.26474991230345457,0.16851441375170984,0.3410332539252567,0.2669473057535448,0.08360432074120033,0.3273119676814719,0.10245032259038951
1,0.08541494816347146,0.21782391692004852,0.13102987558581217,0.29078675107815893,0.10891195846002426,0.0,0.38518314870319387,0.8884716782898362,0.1171204614685996,0.2068063807654581,0.0,0.7730193738659495,0.5904360328841607,0.9293687368891876,0.4676612068047469,0.39057393664568885,0.23349368448775765,0.027561502866180962
1,0.0,0.09384866717939257,0.1129075205173513,0.7517066833058836,0.37539466871757027,0.0,0.0,0.6562198155002225,0.2018437527647233,0.17820360108716649,0.23076217515344966,0.0,0.33918304610051997,0.9152348479687407,0.13432678887519717,0.5048322136635771,0.1493755357365895,0.2566741711297938
1,0.21249259979482282,0.18063181132826295,0.10865732330885183,0.48227337291696765,0.09031590566413147,0.2656491559224797,0.479123212183256,0.3157588100764515,0.2913685705106518,0.3429909045811388,0.11103777745809666,0.2564124117637598,0.48962268056397973,0.4403912526091855,0.3878109073950261,0.2429143639211212,0.25192971777993434,0.20025138724602976
1,0.4510756498510594,0.28758158551407337,0.34598385616681937,0.12797020655333174,0.38344211401876455,0.5639154763780974,0.0,0.33514369580154857,0.20617073632394894,0.36404760760216687,0.23570909139090204,0.2721539370733261,0.1732271061286121,0.23371375126853983,0.4116191746005511,0.1718848164903578,0.12684793976319242,0.2564881590911578
1,0.29896908950086787,0.3812132390952495,0.45863029181179493,0.508905361871611,0.47651654886906186,0.28031877233432306,0.16852708122950022,0.11106519008377978,0.4099446113363489,0.1809657345986087,0.11716947999213083,0.13528597941014142,0.34444034086017555,0.23235521838850887,0.27281767457866357,0.17088568326215536,0.13593630093428286,0.25397323082834433
1,0.0,0.1883079316233086,0.0,0.37707602828863285,0.1883079316233086,0.4154072534737368,0.8324733465227643,0.3291772804585181,0.2025003696725783,0.35756662867043937,0.23151286643729524,0.2673089006123629,0.34028644078020065,0.5738826211868504,0.1347637666837506,0.5064744808260778,0.13109250263737657,0.27003638934128055
1,0.51130703594412,0.16299093969034156,0.3921825087201781,0.32638017769963446,0.3259818793806831,0.11985265838104413,0.2882207071093199,0.09497371991384891,0.3505505610523063,0.30949371227488154,0.30058080394486586,0.11568532595205942,0.14726837650576538,0.19869087168630567,0.1166455006894442,0.0730636169945963,0.24150802752355677,0.2994268482847741
1,0.2814451491149521,0.08971714860295361,0.6476218214553746,0.2395380500647684,0.17943429720590723,0.0,0.1586489412190776,0.3136654598988485,0.385915890030815,0.6814340337836756,0.3309049288991222,0.2547125036358588,0.48637668490967345,0.10936791023474905,0.38523988164383577,0.08043464742061267,0.3192363220743724,0.14571427784943405
1,0.20802439545185605,0.0,0.5318626157938201,0.35409924959898775,0.0,0.0,0.0,0.10303972254120138,0.47540299279970955,0.16788931859243744,0.5435146106344796,0.3765310203391474,0.4793271023187918,0.0,0.5062082452965911,0.5548817484316959,0.17279487679956784,0.2908708605696547
1,0.34232934272725707,0.0,0.4201172947018956,0.2330852842756907,0.0,0.2567792978131055,0.0,0.20347721477017958,0.46939992889447457,0.16576932708253678,0.5366514797949935,0.24785096272798468,0.15775816248063868,0.10642171646972973,0.49981619372792857,0.46960721241353937,0.161538530923566,0.31237599187451703
1,0.13841516643137544,0.17649213844583592,0.4246685721094629,0.5890259464521824,0.2647382076687539,0.0,0.3120951939950633,0.10284077725790514,0.6642791432109083,0.3351303282176913,0.32547912764221915,0.2505360187857414,0.15946721176238016,0.21514924019829604,0.5052308771488154,0.0,0.3230500236026454,0.1572535509235326
1,0.40196030762442725,0.6150438807425382,0.0,0.27368682983401127,0.41002925382835886,0.4522622194094585,0.0,0.47784255472804815,0.11023310962135888,0.0,0.3780790606851899,0.14551228420773454,0.5557150229874189,0.2499190139489384,0.4401600576786136,0.27570446935772747,0.020014977599024923,0.28506635184284196
1,0.39520823191758836,0.16797568209915015,0.505220754408071,0.22424122910101715,0.3359513641983003,0.123518105246836,0.14851767209811442,0.19575659130907827,0.2709535713221468,0.4784384106583439,0.0,0.23844664706612775,0.3035445533621434,0.30715113455192544,0.1202128632384794,0.2258943520041372,0.22578178131647786,0.2882226145081306
1,0.6469363158261833,0.0916559593561932,0.6616170962832345,0.12235726459699028,0.1833119187123864,0.13479535005043772,0.0,0.10681461716667486,0.3942556320878105,0.3480799996264436,0.3380558698779629,0.3903253599389454,0.496887410690774,0.0,0.3935650149849908,0.08217286092583974,0.2353702380321466,0.2015277248511081
1,0.2319062959950923,0.09856732503736447,0.35575334019576943,0.3947510349003648,0.19713465007472894,0.0,0.0,0.4594761175579964,0.31798851358472774,0.3743271545372471,0.24236476668550727,0.5596773978643819,0.35623697764665174,0.2403130845023515,0.846483982664016,0.26510744579032447,0.1605909715707619,0.19853754547062955
1,0.06969680685073384,0.08886987460316395,0.21383526248595397,0.47455178421133093,0.3554794984126558,0.13069794850456226,0.4714520601115045,0.20713550324637875,0.38227136381904425,0.3374993414062301,0.2185199447727859,0.2523070406322687,0.0,0.6500103460389463,0.3816017395441199,0.23902510750718028,0.20591116154484818,0.25642631345020017
1,0.07889940917407613,0.20120808732545375,0.24206956721644435,0.1343026211981455,0.0,0.14795499798661457,0.3558009869458563,0.35172778130528093,0.21637278745126132,0.19103098001763757,0.12368640196278247,0.9996737393784358,0.5453969726761272,0.24527872737577525,0.8639750700290147,0.5411708401641929,0.16824082421214004,0.17091360408664158
1,0.2927134120095585,0.27992750380586306,0.11225845938730425,0.373692707945396,0.18661833587057536,0.5489066741802561,0.6600031735060804,0.3262237323516249,0.301025148083528,0.354358356709122,0.11471780687810122,0.13245523373774207,0.33723321556499797,0.5687334507245866,0.13355459675740525,0.08365502181974736,0.18698374830268003,0.22828719382057602
1,0.06917810387968559,0.0882084803431361,0.4244876822857605,0.8242850668301871,0.2646254410294082,0.0,0.31196225539699446,0.0,0.6639961899975172,0.16749378884120164,0.21689365872456434,0.25042930164384375,0.31879857172071124,0.3225863943627651,0.5050156713853126,0.07908207211652975,0.33672256477418494,0.14531948453982035
1,0.3956497912241643,0.33632671683379295,0.4046281830391644,0.0,0.16816335841689647,0.24731221976927711,0.14868360831859173,0.39195061351020405,0.27125630305039744,0.31931530773388633,0.10337318455256982,0.23871305937141557,0.6077673968593237,0.10249810306336232,0.12034717498668247,0.22614673984774664,0.1926724430414495,0.31709343683339963
1,0.4477487429356385,0.38061403801596133,0.3434320534169138,0.12702636273181156,0.19030701900798067,0.4198172397805367,0.16826218589375147,0.4435624594898757,0.3069751871431449,0.0,0.0,0.2701466666396256,0.5158484105963695,0.46397999258800127,0.13619442626120956,0.2559256209197695,0.060847904246659014,0.3231403560800514
1,0.22066135909902462,0.0,0.5641719443534601,0.37560989663128586,0.3751515207842472,0.0,0.0,0.10929912892062697,0.3025695239726031,0.3561763526661974,0.5765317688450534,0.26626956103074834,0.16948167644940212,0.4573210193197155,0.26847956738835854,0.42042102281260746,0.18820525888689527,0.222313784110604
1,0.6161024153881386,0.09819844493649461,0.23628130840144385,0.2621824744294879,0.0,0.4332514934959007,0.3472932334816062,0.22887828300377128,0.3167984677462907,0.3729262659722821,0.24145773649524538,0.4181871384524661,0.17745189503984818,0.11970686628189299,0.5622107240220292,0.3521537373272855,0.18366589040193454,0.18150585466145128
1,0.23099042856624005,0.19635610629122832,0.3543483636918215,0.39319204481853187,0.09817805314561416,0.0,0.0,0.45766150873678624,0.316732681693266,0.18642441223840187,0.0,0.5574670641726237,0.8870752277838497,0.23936401614748726,0.7026174698815876,0.3520806094343337,0.23880588948646206,0.132041402574826
1,0.20730089827009174,0.08810927246562625,0.2120051309767782,0.35286771226610303,0.1762185449312525,0.3887380692357885,0.31161139215685335,0.20536271232895426,0.09474991357009177,0.669221635829162,0.10832485945959422,0.5002952887540801,0.4776600295366903,0.10740786072588598,0.7566715221099853,0.15798625737925043,0.18248504776577015,0.28527188783681695
1,0.0,0.10380646789492896,0.2497751168117617,0.0,0.20761293578985793,0.45799408818639975,0.5506902463911055,0.725847934308202,0.0,0.9855593558753089,0.0,0.7367823694477703,0.18758600970983835,0.6327160770992888,0.7428975773384185,0.1861324568407623,0.2863861912497411,0.031885210188740264
1,0.30718314482355885,0.29376518947784247,0.0,0.6536091646559622,0.48960864912973745,0.1440102088521874,0.5194718847333842,0.11411666144925253,0.31590575581912866,0.18593769527182097,0.24077732852860245,0.4170087216219237,0.0,0.5968477110786712,0.5606264606179688,0.0,0.22660866502769111,0.14563831869394914
1,0.3432391736903259,0.1750646762918764,0.5265423347063998,0.35055715529724885,0.1750646762918764,0.0,0.15478548956945112,0.10200900470014616,0.4706474836204823,0.16620990300660224,0.4304622186740939,0.2485096923546063,0.47453233983421955,0.10670456038844177,0.25057229386979796,0.23542765902521987,0.24380373830929816,0.2359067558185195
1,0.07613758621795305,0.09708246396808677,0.5839901951616998,0.12960144452045735,0.09708246396808677,0.0,0.34334640276271916,0.6788315541196506,0.3131981962648608,0.5530321911271747,0.4774273567829929,0.4134346305278478,0.5263057032343799,0.4733858072827974,0.4168660898294134,0.0,0.28665077397697286,0.10009356818363128
1,0.204644264878954,0.1739602427506603,0.31393231680150835,0.11611519644282112,0.08698012137533015,0.12791875171644213,0.0,0.608192752402129,0.37414264138175896,0.4954839951787681,0.32080991569089046,0.24694191497445614,0.15717954982719012,0.10603139148886759,0.8714702644196927,0.1559616083295017,0.26940180219364335,0.21846839576390722
1,0.23007198734055376,0.39115074924345605,0.2352929592551551,0.391628673618198,0.19557537462172803,0.4314392310422093,0.17292026438321365,0.5698022505624817,0.3154733206271176,0.18568316998547887,0.24044773469127517,0.13881262973448238,0.5301288763615029,0.4768245613871948,0.27992951680158845,0.08767017536118532,0.20400699272798867,0.16736317129439074
1,0.25343030696967395,0.24236030980520232,0.09719300399374309,0.10784730479408056,0.08078676993506745,0.356431191468592,1.0,0.18829562122003782,0.43437763442779337,0.6136045936639858,0.3972891957688032,0.0,0.0,0.1969630185532424,0.11563112951016734,0.14485648412065955,0.3121871302950659,0.24297083334776703
1,0.2403106607687949,0.6128366349426642,0.36864596489851414,0.27270463307611054,0.9192549524139961,0.15021305272288138,0.0,0.5951596147058641,0.0,0.7757858014553628,0.12557407503611204,0.0,0.3691471295387209,0.37353317132042924,0.14619347606996094,0.0,0.15780349897639404,0.16468641860837743
1,0.3186065739226337,0.20312642394713967,0.36656622148274676,0.542332299527913,0.30468963592070947,0.0,0.17959661332666496,0.11836039556375752,0.32765355860193524,0.19285228715153835,0.24973127924973004,0.4325163093441604,0.7341291175313032,0.24761723757931586,0.4361061443584237,0.3642202755306958,0.24894953542129028,0.0884445774839123
1,0.15462038243773707,0.19715528758388542,0.35579058307931616,0.2631949069001498,0.0,0.0,0.5229514889514074,0.3446431641801714,0.42402907062358197,0.37436634186467205,0.24239013921686992,0.41980199176676086,0.7125485423218678,0.24033824224849082,0.28219086628355006,0.5302703983861535,0.25128657771092827,0.11673074896058397
1,0.34486745265328694,0.17589515879915807,0.3174241070422932,0.2348134331656413,0.26384273819873705,0.25868311966894236,0.15551977043176593,0.20498584249812918,0.09457603398166554,0.5009951390981252,0.3243782037351721,0.24968858781634048,0.3178556368935493,0.21442150400263535,0.2517609740266182,0.39424082522995996,0.13092949106186244,0.33336087435056244
1,0.349940126945747,0.4462060258641012,0.13420546485736165,0.7445853651377473,0.4462060258641012,0.49216519476839193,0.0,0.3900018572026182,0.11995894757152681,0.0,0.1371456252252272,0.3167015887013776,0.806327482262987,0.5439386041890162,0.31933017501738714,0.20001986758499252,0.04052211013995192,0.17452784702393964
1,0.07944037976210137,0.30388149358142386,0.12186465367626777,0.13522346165466395,0.10129383119380796,0.0,0.7164810438655674,0.5902323142058357,0.1089281693313384,0.5770223284731671,0.0,0.8627382528759995,0.3660909765488055,0.4939209419757908,0.7249157332794938,0.27244067800284855,0.2704604849959469,0.07180891561052695
1,0.14747064737724042,0.0940193570713403,0.4524514969304327,0.5020492472599741,0.0940193570713403,0.13827111992464322,0.6650265500290534,0.10956888894484675,0.6066325852299231,0.35705542775554705,0.5779547008067533,0.13346336905922618,0.3397999447654604,0.45844972849119925,0.13457109948469115,0.08429173189858799,0.3506092067566279,0.07365834932700119
1,0.14856284864966818,0.2841470576649342,0.0,0.505767538570353,0.18943137177662284,0.2785903747942072,0.33497594422042615,0.5519019057190963,0.4074169630739184,0.0,0.349341099138225,0.1344518292314806,0.1711582903553039,0.6927676677219655,0.40670329128389804,0.1698320314066918,0.24760183066982694,0.15936272852783848
1,0.5564952913724098,0.0,0.5335534818585261,0.23681665394617807,0.17739574091046229,0.1304449877642723,0.0,0.20673460062440904,0.4769143657815931,0.16842306235070267,0.32714551201781666,0.37772806541374876,0.1602836501989273,0.32437613828629047,0.3808631643818046,0.07952082793668745,0.2682748493324764,0.20199784262134474
1,0.15904789457843152,0.10140038751957275,0.609964247678069,0.5414628413959803,0.10140038751957275,0.0,0.0,0.11817064214410827,0.4361710264808526,0.19254310956895354,0.12466545710601946,0.28788193758875624,0.9161902174092348,0.0,0.2902713241556978,1.0,0.21262289593830644,0.1228263424837487
1,0.15785031869124258,0.0,0.4842971415193026,0.2686929063109139,0.20127375502587308,0.44400985689173383,0.17795855434148028,0.0,0.10822170220545896,0.3821866524900701,0.49490707654153887,1.0,0.36371664820380106,0.1226793891416421,0.8642570430690777,0.2706737302615727,0.13080322793369817,0.20430446248293918
1,0.5662078254081816,0.3208743745757761,0.19301888412359872,0.10708881077711703,0.16043718728788806,0.4718991972477178,0.28370484675158686,0.1869713312677898,0.4313226407267887,0.30464454512014383,0.0986237616014433,0.11387276091230958,0.0,0.0,0.3444536747126465,0.14383770319948885,0.27276700739190535,0.28426557709406103
1,0.08627728938805654,0.22002304654898955,0.3970582223885074,0.29372250656837995,0.11001152327449477,0.3235805264279393,0.583607881921314,0.3846178303634949,0.3549086956553534,0.0,0.270504623728329,0.9369884450758819,0.39759801275680623,0.6705368254356697,0.4723826700431852,0.19725856705386194,0.2516640873467422,0.0
1,0.07368919694217044,0.1879210824072233,0.11304211399709385,0.5017351793590661,0.2818816236108349,0.6909231069880021,0.33230526405369404,0.10950034572693826,0.3031265464658483,0.17841603195681158,0.11551862971742789,0.40013963437806377,0.1697936877343978,0.34362220141802613,0.5379476623458426,0.4211950067990481,0.13187323372045995,0.27130203694245497
1,0.08887771084422817,0.3399819033887199,0.0,0.30257538446543014,0.45330920451829326,1.0,0.4007986570101601,0.6603505309264932,0.12186858075973689,0.0,0.0,0.3217431789852737,0.0,0.9670457881308832,0.1622068049568503,0.609611985095126,0.036249595593426436,0.1603000528026678
1,0.14642657971457299,0.18670743131279158,0.336936161672841,0.37387111655091726,0.37341486262558315,0.2745843667733673,0.16507956815812624,0.10879315942974481,0.30116886369733187,0.35452753469662646,0.5738628776247789,0.39755541179394693,0.1686971088284723,0.11380099516061591,0.6680917923811175,0.16738992090480062,0.14834568057102554,0.2626402378293617
1,0.20559589610602264,0.08738459398385373,0.4205228751633823,0.5832757609481334,0.2621537819515612,0.12851359603681928,0.15452423009731017,0.20367365129804751,0.4698530867201193,0.3318587209703508,0.21486782485753844,0.1240451187951465,0.31582092383949106,0.31957336739561093,0.2501493576797735,0.23503028517515553,0.2987092337285982,0.18794993067357735
1,0.352329326316426,0.0,0.7566817787650957,0.0,0.17970099041017015,0.1321401143847855,0.0,0.20942110725763352,0.28986710762705575,0.17061171230492675,0.4418623372137321,0.5101821656836629,0.1623665288663409,0.32859139129441695,0.12860415456593274,0.48332518464483665,0.15808731573351514,0.2895255130446169
1,0.1607392865346486,0.2049574562107196,0.0,0.6840262727282921,0.30743618431607933,0.0,0.18121554200684686,0.8359912798941743,0.33060710952563505,0.0,0.12599120965323893,0.0,0.18518668513874936,0.9993972845480527,0.2933582092986842,0.4593793099548016,0.19006085483169213,0.1321740932793769
1,0.40791297678732813,0.26006338549863917,0.20858482715846915,0.3471748557863516,0.1733755903324261,0.3824665120503406,0.4598761931434101,0.10102478571761857,0.5593278121404217,0.0,0.0,0.24611198288497213,0.0,0.31702511106804987,0.3722320255360586,0.2331561696434171,0.19673542467859373,0.2869045184392933
1,0.2778799828444104,0.17716133884727664,0.21313938814436964,0.23650373599224747,0.3543226776945533,0.13027262413193683,0.3132785567836178,0.309692147438563,0.19051367777766945,0.33640103269299043,0.10890441264165301,0.3772289540066672,0.0,0.6478950470170994,0.38035991040815054,0.23824725900186364,0.2381599795539191,0.23031940774248552
1,0.14451325890652528,0.0,0.3325334980965353,0.3689858328256585,0.18426777033017322,0.0,0.0,0.21474317089938652,0.29723356277880036,0.17494750444548796,0.22654573991331078,0.5231475347919233,0.16649278438677478,0.4492559399946038,0.6593619980327117,0.6608107086899536,0.17432331076334442,0.2516558958541948
1,0.3865197089592923,0.6160604699658141,0.4447022781024717,0.0,0.4928483759726513,0.7248156020368396,0.21787883990728193,0.4307691308659495,0.5299934923964633,0.0,0.0,0.5247100709492799,0.22265341966519253,0.4505977768636774,0.5290651034517224,0.22092813899279834,0.028386995478078488,0.0667611407243071
1,0.0,0.09177308985523683,0.3312313004711318,0.3675408882469514,0.27531926956571046,0.8098056597174905,0.3245690208539969,0.4278044778733792,0.296069599322919,0.3485248237748103,0.0,0.13027472365888612,0.16584080042210267,0.5593708231673932,0.26271197739749697,0.3291114905077651,0.229914998644885,0.2052496694900151
1,0.0750737624516485,0.09572599027892872,0.23033218342466122,0.2555812061461199,0.0,0.0,0.16927451709493793,0.44623110494358537,0.308822070079346,0.18176833723948685,0.47075655732560284,0.6794299369364126,0.34596797109256466,0.3500786084371947,0.8220829515769834,0.4291089494579157,0.19631850618882477,0.19527618203265795
1,0.4643628298618819,0.2960527771995145,0.11872512780594531,0.5269591233553491,0.6907898134655338,0.43539490521208885,0.0,0.46002121091118886,0.0,0.18738561627790018,0.0,0.0,0.0,0.9623927068777043,0.0,0.26542195246664574,0.05829925940212529,0.2894951535699242
1,0.07877109696901986,0.0,0.4833517906423153,0.13408420808642307,0.30132130120320233,0.1477143823439946,0.17761117819367497,0.11705192496760299,0.21602090560876502,0.19072031094499542,0.493941015008803,0.7128914243580448,0.0,0.6121995912519206,0.4312850041114908,0.7203876627825838,0.16825081283088825,0.17257006608721062
1,0.0,0.1752667537344353,0.4217200987085642,0.2339745359971597,0.2629001306016529,0.12887947269214153,0.619856634854255,0.10212675386133856,0.2827144516689819,0.6656070374794236,0.1077397754795266,0.37319482124923836,0.15836003109708793,0.21365545927451077,0.37629229481848636,0.4713988271152168,0.31774524796944864,0.1682691523465586
1,0.5320731789438287,0.19384071760874366,0.34980904031389004,0.38815512063898716,0.0,0.0,0.0,0.33884903155441864,0.5211253800489114,0.0,0.23831508199895568,0.41274429073085644,0.525426894964588,0.11814884073664422,0.69361670048746,0.26067775257133863,0.20083355686694165,0.1790508452425186
1,0.46938573037900044,0.0,0.10286515613437622,0.34242371540534733,0.08550145958548229,0.12574413333953807,0.0,0.2989267387619606,0.27583666324114714,0.3247071792126093,0.21023743208867987,0.4854878063929334,0.15450749797442193,0.20845771633400306,0.8566552726651343,0.22996539221754608,0.17458581355442293,0.3189339097552866
1,0.22574222254158657,0.28784221137814003,0.23086494007644556,0.25617236360236806,0.19189480758542674,0.0,0.16966604781209196,0.33544742566362806,0.30953637326358335,0.18218876607104784,0.35388406034382086,0.6810014533999063,0.5201522887103148,0.11696277923073932,0.8239844234176061,0.17204059012495151,0.22523485330246518,0.16697346142744043
1,0.1445343262289933,0.09214731655735947,0.2217213168287484,0.2460264160259343,0.09214731655735947,0.40655391789486983,0.0,0.32216171463854787,0.2972768938569503,0.3499460170201817,0.5664469150820015,0.3924178499172401,0.3330341118235619,0.11233035827095507,0.6594581206441649,0.4130669015601542,0.061673801324156195,0.35299776862626353
1,0.0,0.09604058012055033,0.46217827472100476,0.5128422748024879,0.19208116024110067,0.0,0.33966162740240474,0.22384878997720684,0.41311595980746313,0.3647313860146262,0.23615181587239245,0.4089976720293412,0.5206574183778432,0.46830545593919043,0.2749282033946116,0.4305191549418708,0.3224510266952861,0.07844926605758645
1,0.3576607424048978,0.09121010492222607,0.5486655859060151,0.0,0.18242020984445215,0.5365585874607013,0.0,0.4251800977234119,0.39233780128970885,0.34638678717960625,0.33641141915623773,0.3884266476932715,0.16482344476737465,0.3335636070574246,0.3916505436487248,0.0,0.18508421465918803,0.2513656797673055
1,0.0,0.20434543547934836,0.12292202512002125,0.5455869687854479,0.20434543547934836,0.450785983259473,0.5420232500682037,0.2381414107036914,0.21974659202485794,0.0,0.2512299779588545,0.43511194588771557,0.5539011049309974,0.6227581235135887,0.14624110812770263,0.6412105889183529,0.14164440745074022,0.17890433253676621
1,0.15398949956587699,0.09817542678771493,0.35433888453029566,0.7863630531019169,0.3927017071508597,0.14438331247805503,0.0,0.11441231646217129,0.2111494725250821,0.18641942520502724,0.6035028443410331,0.27872607569468133,0.709641198130679,0.35903641939274133,0.2810394696738221,0.26405339320307103,0.13354051511177514,0.22689484875999574
1,0.16629472767621756,0.10602057872897477,0.12755131242536905,0.42460047645742066,0.10602057872897477,0.6236836588784883,0.0,0.4942198023247051,0.11401116352584185,0.20131611334164323,0.6517284713207402,0.30099894463309773,0.574761218087867,0.38772684992860745,0.3034972008314331,0.6653588083805366,0.013506544060770388,0.25516624531449433
1,0.0,0.2828209897328025,0.0,0.3775554030244397,0.2828209897328025,0.1386451194969623,0.5001189992585607,0.5493262696211167,0.1013789036541535,0.7160424024219393,0.11590359375241048,0.13382436449323737,0.3407190451103884,0.4596897560723669,0.26987018227755555,0.591638085642059,0.26344438796949743,0.14959075190428175
1,0.15079322343700144,0.1922753059053824,0.4626454205256722,0.2566803145740294,0.1922753059053824,0.0,0.3400049397407948,0.0,0.7236836529500172,0.18255001878172353,0.5909762646683032,0.6823517760697402,0.0,0.1171946986951304,0.825618259646554,0.08619086027038943,0.2774090632977271,0.11803648499984717
1,0.3174947104370707,0.303626339340106,0.3652869898846994,0.0,0.10120877978003535,0.1488443631429374,0.5369095876609967,0.23589469014445066,0.21767341548379998,0.19217927713309735,0.4977195493255933,0.862013854289649,0.36578358808538275,0.24675311051040213,0.4345842344625547,0.2722119230573576,0.1770521098910783,0.15682020660728477
1,0.6096724670502875,0.29152079275919246,0.46763072051981924,0.259446208958739,0.5830415855183849,0.14290995582093322,0.0,0.33973439472372574,0.20899480190800596,0.18451711186681238,0.0,0.13794091048341622,0.17559991963923047,0.5922877322511602,0.0,0.2613588655735676,0.10459308127109966,0.2631697806629668
1,0.41131416135397497,0.1748211986254405,0.31548601590056635,0.2333797366546319,0.08741059931272024,0.2571036824062336,0.15457021593117773,0.3056013957242031,0.3759943305953979,0.0,0.10746588435993873,0.37224610247790796,0.15795745548355888,0.31966847123642794,0.3753357017918032,0.3918337155173272,0.17432189843965828,0.29973764947912024
1,0.140304432013627,0.08945056339541535,0.3228487401707348,0.2388262875780622,0.08945056339541535,0.13155194806522044,0.47453259700449607,0.31273343549741794,0.38476918096528867,0.6794092231856059,0.21994778613499746,0.38093347774988684,0.16164382233510707,0.21808586965180132,0.6401586354452674,0.2405869326095099,0.3679145004307676,0.10457697376993415
1,0.39203159902785834,0.1666255151913357,0.3006959130152305,0.44487761393986164,0.1666255151913357,0.24505056523673796,0.1473239061696978,0.09709156251475029,0.5375513627959062,0.31639518953786994,0.40971137339774494,0.11826502180710939,0.0,0.0,0.5962330385988219,0.07469288076132526,0.19726786233189705,0.3207809271298751
1,0.1304413645222244,0.08316240177962778,0.40020432329665867,0.5550934205776533,0.08316240177962778,0.0,0.0,0.09691633987737992,0.715441647436145,0.0,0.6134579414634228,0.35415476130551304,0.15028064651536815,0.1013774761499836,0.7141884091877213,0.07455808136969118,0.255196906768567,0.2701269690615181
1,0.35564535562880256,0.18139228803189597,0.32734434219777186,0.363227841459593,0.18139228803189597,0.0,0.1603801218032628,0.3170881839960522,0.2925952592561991,0.3444349281480506,0.22301051362982338,0.3862378977511327,0.49168403752763545,0.33168400551622684,0.3894436273368792,0.16262470397084644,0.19386558979605242,0.2486869540738734
1,0.39608605091335913,0.3030278080209812,0.24304460560287866,0.6742179113194752,0.3030278080209812,0.1485509498204639,0.3572341271137537,0.35314451490088145,0.2172443211015699,0.0,0.0,0.2867715290191076,0.7301250553457621,0.615666730057379,0.0,0.27167531822345836,0.16693288039787516,0.1679668683485937
1,0.40525550494040086,0.0,0.20722593852924368,0.45988410761008003,0.17224608287257143,0.0,0.0,0.20073325869617759,0.2778419513904734,0.4906016222219311,0.4235316487697956,0.24450861230613113,0.3112614852373204,0.10498658519155366,0.6163450133068095,0.3088496048119122,0.15393552229358576,0.3312090453095041
1,0.20557966920443535,0.08737769705043397,0.31536726367000817,0.4665837801698028,0.17475539410086793,0.25700690589560665,0.1545120340879436,0.20365757611192695,0.18792640120169302,0.49774879293682467,0.21485086615790353,0.37210598515809695,0.47369399594396727,0.10651604822866999,0.6253240358575836,0.23501173512926551,0.1339521476409128,0.3364390525498922
1,0.06773777873741191,0.0,0.6234744323746922,0.23060657446756988,0.08637193257910751,0.0,0.45820055144741345,0.2013133674490274,0.557289800567466,0.4920194355781325,0.31856672502438876,0.2452152295705907,0.31216101485779296,0.3158699730054498,0.1236252437141072,0.38717770527811485,0.3167316866762975,0.1820230204729338
1,0.14241245859728965,0.1815890556446081,0.32769943317461514,0.24241457168189665,0.1815890556446081,0.40058541462349695,0.32110819239791144,0.31743214947364273,0.3905502076257306,0.5172128375360555,0.558131067867364,0.2577712495121957,0.16407246603279266,0.22136253599903785,0.38986608131035544,0.08140055660292805,0.23986601998898816,0.20624667261199706
1,0.14886929367030896,0.1898221175193286,0.3425569899808893,0.7602162005444356,0.3796442350386572,0.0,0.0,0.0,0.3061930156499394,0.18022091269167992,0.35006169544685206,0.26945833406266234,0.6860453746709617,0.11569944337676182,0.40754221029780346,0.5105470470156687,0.1320143236775707,0.2614991863916227
1,0.28211848661349437,0.17986358099784058,0.4327808070629098,0.24011112780991165,0.17986358099784058,0.3967790179530365,0.31805699505077445,0.31441588219893624,0.5802587495181445,0.1707660790588539,0.33169659540245644,0.0,0.16251343550990544,0.32888869554016453,0.1287205135521576,0.24188124477844522,0.2079154203267517,0.24381108108721927
1,0.13488135891303094,0.1719862070378221,0.20691328692719338,0.22959512932246257,0.1719862070378221,0.25293435521651997,0.3041272496475359,0.601291208724405,0.0924742526868493,0.8164357138092828,0.0,0.24413971056586073,0.3107918702716134,0.41931274780411937,0.49233208348191293,0.1541918143822985,0.2997705993999457,0.20115843176446788
1,0.3040237793055821,0.38765843607629485,0.23319219196444574,0.5175094578619739,0.5814876541144423,0.28505814001595825,0.0,0.225885952925348,0.20843778574653116,0.3680506680428597,0.2383009439935696,0.1375732682465455,0.3502638160635316,0.23628366314987656,0.41614533107037954,0.1737748586026527,0.13583003422740275,0.23766680951654603
1,0.2696210627217235,0.08594794767918079,0.6204139040650455,0.3442118499315847,0.5156876860750848,0.12640076842694742,0.0,0.0,0.1848513870615869,0.8160069952407673,0.5283382266503227,0.24401151035920485,0.31062867034848973,0.0,0.3690551662312655,0.0,0.12493991606132028,0.35911165535276734
1,0.2117936476726887,0.18003765892966306,0.4331996666642144,0.3605152729699344,0.2700564883944946,0.0,0.0,0.4196269124066928,0.3872135621049924,0.3418627042538748,0.0,0.12778449707998074,0.325341442792373,0.3292070049144237,0.5153803741165957,0.4035255757661034,0.22970765703829316,0.22329386679291674
1,0.41484331497303484,0.08816059885538903,0.3181929458324538,0.23538217911739243,0.26448179656616705,0.0,0.15589645773903738,0.30822351373774176,0.09480510833969771,0.6696114782323173,0.3251638861713237,0.250293363154806,0.31862552090012974,0.21494085828627152,0.37855615339497806,0.3161565785691871,0.20101992756093412,0.26805254857617905
1,0.7002613175114617,0.16234508056111047,0.6835998179662315,0.10836229372189358,0.08117254028055523,0.11937773668462912,0.2870786192406712,0.09459738216059752,0.6110326044507436,0.15413366457019131,0.2993897386214298,0.11522691750293848,0.2933696375191728,0.0,0.0,0.0,0.26085083842031137,0.2852894186681808
1,0.14124921481737782,0.18010581224329883,0.3250227409029162,0.0,0.2701587183649482,0.39731338002432,0.6369706765036592,0.2098928811546074,0.09684003548083574,0.8549802912260354,0.6642866154656792,0.3834986098272265,0.1627323004500388,0.21955441755460778,0.2577877357614073,0.0807356661004933,0.2762820751928972,0.18099112881754617
1,0.2442528308582686,0.3114449489247095,0.0,0.0,0.10381498297490317,0.0,0.7343138915185156,0.36295373723170354,0.0,0.5913841198479883,0.5105362069556897,0.7368428065373529,0.375202794185587,0.2531071911183638,0.5943668128390469,0.5584431749732406,0.14753264690787687,0.1568826345929906
1,0.48900394174470885,0.26722510755791795,0.2143289135665863,0.0,0.26722510755791795,0.6549983614186294,0.3150269563205305,0.41522737509002394,0.09578846484724986,0.5074177172564358,0.0,0.25288950603957006,0.1609652161295978,0.43434062169772486,0.25498845949845156,0.07985897026769309,0.1694944512348172,0.2871433230415323
1,0.5188486540010463,0.2835342939711811,0.3411146378107897,0.5046768498697145,0.18902286264745405,0.0,0.16712678396597228,0.22028469126565856,0.4065383675845178,0.17946208414016596,0.2323918295764367,0.0,0.6831567486499347,0.23042457095723468,0.13527541160970966,0.3389315765878526,0.16045252778694546,0.23994905277165876
1,0.2899905504937121,0.277323578614642,0.2224284306742824,0.37021656557722954,0.4622059643577367,0.27190033337113906,0.0,0.4309188708017332,0.29822496962436035,0.3510620652078964,0.34095205689029634,0.0,0.16704811227314886,0.33806580708592676,0.39693675908551435,0.16575370197440664,0.12632914259329564,0.291762486868681
1,0.07315154620914208,0.37309994717874573,0.3366520101498865,0.12451860544239728,0.0,0.41152919845871927,0.6597614002508893,0.21740281975517556,0.501524793573562,0.1771142738383065,0.34402734988777994,0.39722013767210973,0.6742193596747101,0.0,0.26701134571376967,0.3344975087960346,0.22068892611325272,0.1982723425098986
1,0.14022038110158652,0.3575879082091592,0.2151035560564031,0.47736643213124513,0.1787939541045796,0.3944194212746553,0.6323310973824257,0.10418202969857553,0.38453868075855213,0.3395011078116397,0.21981602399633504,0.253803516908879,0.4846409634802795,0.10897761145733596,0.38386508482735066,0.08014760212110449,0.19715906456185234,0.2589448906045344
1,0.20859120792763178,0.0,0.5333118033536532,0.2367093854214646,0.2659730815437774,0.0,0.0,0.309961437109978,0.19067933701737938,0.6733870936103438,0.435996437484375,0.503409292832635,0.3204220961615306,0.21615280586526794,0.5075875313565335,0.15896961632924134,0.19685017346984446,0.2667486514287828
1,0.276833586082164,0.3529884250472957,0.21233678133772418,0.23561314739688247,0.4412355313091196,0.12978206396021935,0.4681482924533634,0.30852595742712097,0.18979627131481594,0.6702685331191146,0.4339772700884489,0.0,0.15946908576882918,0.32272765284256194,0.12630920361415662,0.07911670164053194,0.24384446912927374,0.22859411336517102
1,0.34064701791869983,0.173742580954742,0.31353951974172406,0.4638796451200294,0.173742580954742,0.2555173955186853,0.15361654344993442,0.20247725735006228,0.46709313526929785,0.4948640377992307,0.21360567551402748,0.12331646868032899,0.15698288429858395,0.1058987233416504,0.6216999050697263,0.0778832333542411,0.26462092738602994,0.22388301346806433
1,0.42511189265397414,0.32523418761536493,0.39128297518528043,0.2894502865539458,0.4336455834871533,0.15943700942787484,0.19170641776922537,0.3790235297701059,0.11658217235731136,0.0,0.13328505494369405,0.6155732431347539,0.587722371381905,0.528627046077978,0.15517060734702476,0.3887788472598284,0.1340558333749734,0.12223403340124168
1,0.5752195047110269,0.0,0.7843637755830082,0.0,0.08149534081628014,0.0,0.0,0.0,0.5258250090570304,0.15474661113222493,0.6011606560918525,0.34705542837474207,0.2945362866819229,0.0,0.23329063201750963,0.1461270026311192,0.198869398033888,0.33783852251864593
1,0.41443560630660325,0.10568874537518717,0.25430418024140766,0.2821810141671254,0.10568874537518717,0.6217315940745674,0.18689189094440442,0.8621776553059223,0.22730864095006903,0.20068601490356158,0.0,0.0,0.3819748502807694,0.9018643790965652,0.15127364312334743,0.37901503126015407,0.17392689030651506,0.1140318996727563
1,0.07700202291948506,0.2945541021283907,0.11812411878639863,0.39321866756301777,0.4909235035473179,0.2887939026484114,0.0,0.45769249666130984,0.0,0.5593111046951789,0.36213591173111614,0.27875240492899056,0.3548541163983241,0.35907033496374835,0.5621320348754217,0.3521044485537333,0.08041070675510609,0.27466162496852536
1,0.2234955455570532,0.28497749044025117,0.2285672797559006,0.6340570841748905,0.4749624840670853,0.419106851864437,0.3359549267420449,0.0,0.4086076577872018,0.0,0.0,0.2696895417067483,0.0,0.46319487528262604,0.2719279335058172,0.4258209332200807,0.15522465000592037,0.23976152187677963
1,0.07248234867064268,0.3696867921710247,0.22238152296961539,0.37013849098367024,0.3696867921710247,0.0,0.3268629190399805,0.10770699869024906,0.39754943635330015,0.35098803008736507,0.568133589765163,0.3935863287897577,0.16701288366729153,0.11266483757766763,0.661421749162708,0.16571874634541575,0.23708448421611888,0.19218866884770205
1,0.2387613076563349,0.40592366528257046,0.3662691965467312,0.0,0.40592366528257046,0.29848917047980034,0.897255439952855,0.11826448932128679,0.21825870947114648,0.3853920417515506,0.37429338674495605,0.7202764095213618,0.1833835650159647,0.37112489371950685,0.14525092397324701,0.09098128787279429,0.16139336150542746,0.16815594991194482
1,0.17175563758377355,0.43800864527829414,0.13173993725718977,0.2923625483958462,0.32850648395872056,0.48312348493313945,0.19363524393127057,0.765674039468775,0.0,0.20792708155007955,0.2692521661688268,0.3108833717696645,0.7915142057365099,0.667432187502438,0.1567318337812471,0.29451786669616636,0.06380659995162549,0.17441358767649479
1,0.47824985501080486,0.2613483410559928,0.31442314597340054,0.11629674107095879,0.08711611368533094,0.1281187510526499,0.3080989401583266,0.10152394233510786,0.5620914129418735,0.16541955936113528,0.2142076652672638,0.3709920082617221,0.1574252980479088,0.0,0.4987615983194985,0.31241090462845666,0.26014097404500636,0.22542654417273422
1,0.27515891829471717,0.4385663359220358,0.3165784175284055,0.23418783714523034,0.17542653436881434,0.0,0.6204217225518975,0.20443971391605203,0.37729624826559394,0.33310691659592123,0.21567599129137152,0.24902336102426958,0.6340175953733468,0.0,0.12554511296480922,0.2359142871774968,0.22730348644415788,0.2489289975035823
1,0.34325689778683927,0.17507371623677928,0.4212556193316637,0.4674336763704289,0.43768429059194813,0.38621257740137993,0.0,0.20402854442999246,0.28240307207679716,0.49865545713297244,0.0,0.12426126241721605,0.1581856145378697,0.21342014074238694,0.3758778492865685,0.15695987731890684,0.2264164774465928,0.25152379442363126
1,0.22062708196476358,0.18754662271460118,0.3384505841457252,0.37555155007297053,0.18754662271460118,0.13790926873258375,0.49746464727545536,0.10928215059269532,0.30252252337295643,0.3561210248792627,0.11528844228969493,0.5324563984026708,0.5083660484219287,0.3429374849281419,0.40265679339086513,0.2522134292252627,0.25756847963498314,0.15997728465507144
1,0.4311788106557061,0.0,0.2834765064808507,0.31455121192024865,0.07854183727235976,0.2310176997349138,0.27777475139798957,0.27459478921206143,0.4223069879560947,0.4474151415869047,0.19312458827862636,0.11149255367186486,0.0,0.19148973729628577,0.44967171554977636,0.14083115852751057,0.2650993209249454,0.3082413638201546
1,0.0,0.2657585331589424,0.31972896299046505,0.11825922136449175,0.17717235543929494,0.13028072499841564,0.3132980376820499,0.4129485404265227,0.28578828700631675,0.672843902876664,0.10891118474831506,0.5030032154579576,0.16008181311683986,0.10798922261516203,0.8875616462771123,0.23826207415774914,0.27264986388268825,0.19919364862049802
1,0.29504098556873765,0.0,0.11315110663592276,0.7533284115348954,0.1881022716466927,0.13831785587101167,0.6652513304835163,0.10960592347324405,0.5056980236619009,0.17858805664252167,0.23126002031293216,0.4005254399252957,0.0,0.5732558569000987,0.5384663392636541,0.08432022269162896,0.34440855087886374,0.07892062544144068
1,0.4008884181030727,0.306701885407587,0.12299570667023582,0.4094355021627539,0.20446792360505806,0.15035206401212384,0.18078271600429452,0.11914207835556005,0.10993915593272784,0.194125933741752,0.2513805694758614,0.43537275938032266,0.7389774968849044,0.0,0.5853150701297866,0.7332513616446421,0.03594547947478632,0.2734981727395611
1,0.14622837071506284,0.37290939301434517,0.11216002370709618,0.4978200391143052,0.27968204476075886,0.0,0.49456832913457416,0.3259376776955276,0.30076118922133566,0.3540476317439795,0.22923442935702834,0.264678176366177,0.5054062605931522,0.34094084845512723,0.40031246162450895,0.1671633350703483,0.2172078741912197,0.20189312962435013
1,0.09613693970288549,0.3677504678697089,0.1474778305123056,0.32728871182239166,0.12258348928990297,0.36055886524567915,0.0,1.0,0.1318223915634964,0.0,0.1507087605856221,0.8700551663660078,0.6645524526123943,0.7471648543051813,0.877276522955537,0.3297015083790968,0.07046299452655316,0.03525647103971282
1,0.06338431882077644,0.08082086855819934,0.0,0.5394641258787919,0.24246260567459801,0.11886054485934273,0.28583488050672273,0.28256264605468523,0.17382439092404564,0.46039768873434384,0.19872844214857868,0.22945541735379996,0.0,0.3940923061068661,0.5783996765119308,0.4347528762071532,0.1841575302737455,0.357957245599845
1,0.25153638796737904,0.08018303946358774,0.6752666725944282,0.10704134728119223,0.08018303946358774,0.11792251096951781,0.2835791041670916,0.3737769250891502,0.4311314715443891,0.6090190434441586,0.29574014985737634,0.1138222906597754,0.2897934343475662,0.1954910872438115,0.11476700242112768,0.07188697599952952,0.3632220357004585,0.203142462995104
1,0.19889766118288738,0.08453763764740624,0.8136448044737984,0.2257091447339532,0.0,0.12432667269167814,0.14948989033609902,0.0,1.0,0.0,0.4157350281503675,0.2400075534268928,0.0,0.10305393015326933,0.36299938226819756,0.2273730892195377,0.3848330204671797,0.1393470947086495
1,0.1595002663042389,0.30506638624032717,0.4893593100296728,0.40725217217786014,0.6101327724806543,0.4486509181806775,0.0,0.11850674880850762,0.109352901310464,0.38618150001539236,0.1250200366377328,0.5774014906804524,0.36751843600180173,0.24792341758153008,0.5821938558323597,0.18233531789791588,0.0830310032310362,0.23663139226021251
1,0.4129436145109371,0.17551376645015726,0.42231445117209176,0.11715214434938513,0.3510275329003145,0.12906110935666681,0.15518255790718039,0.3068120595082936,0.1887419307428902,0.6665451127186134,0.21578323769901298,0.24914718964668017,0.15858321627345273,0.21395657522548106,0.502430164630358,0.07867719907349681,0.26805058846217295,0.21177860288932315
1,0.15964328930042232,0.5088998959360423,0.24489905789218708,0.6793622548692435,0.7124598543104592,0.0,0.179979927882135,0.11861301314696471,0.4378038297803891,0.19326389340263403,0.12513214140493603,0.0,0.1839239938633103,0.49629145824524246,0.2913579529023761,0.364997633914143,0.2569561035349883,0.079025410036147
1,0.22662961085013483,0.1926491423607524,0.347658698532743,0.2571793722065827,0.1926491423607524,0.0,0.17033300176288999,0.3367660630027801,0.4143375396761961,0.36580989316999774,0.592125286228566,0.41020707416123303,0.17406566576398036,0.234845115305175,0.68935290853451,0.1727168783556324,0.1632976991551683,0.21892924570614936
1,0.48597796376150826,0.309833424592044,0.12425153812508961,0.5514879858707736,0.309833424592044,0.1518872139486566,0.0,0.3610756885389884,0.3331850255905192,0.0,0.2539472576541183,0.293212050378343,0.37326136461801246,0.3776962899085269,0.7391141906522739,0.18518453201161733,0.09600297499630736,0.20877050281357357
1,0.4396079396887355,0.16015450856763047,0.3853575976200261,0.21380025607561765,0.24023176285144568,0.0,0.14160248966539152,0.09332095065247106,0.4305626814295717,0.4561616751979417,0.2953499809996242,0.1136721253435176,0.14470555548451297,0.0,0.3438467722506813,0.287168543139249,0.18604237958580067,0.36382889668805246
1,0.30673710832699563,0.0,0.2823280421458576,0.20885123525406882,0.0,0.23008176471796518,0.4149740803566962,0.09116076929280767,0.42059607187311165,0.4456025034271242,0.19234217175811233,0.44416343044139933,0.0,0.09535697206981245,0.5598124190060233,0.28052120264781694,0.2855983729604074,0.29301421742476125
1,0.527299759012689,0.2881525541791907,0.6933415551000633,0.12822428046380113,0.2881525541791907,0.14125877059292094,0.16984897663364698,0.0,0.5164501767607358,0.0,0.0,0.40904141319106074,0.3471420674922636,0.11708888497579785,0.1374788031000623,0.5166782373194851,0.16749339200433208,0.21793593820486168
1,0.28986654832967357,0.18480332862938628,0.5558332964657958,0.3700582581592246,0.18480332862938628,0.0,0.0,0.5384182582706578,0.39746326181346614,0.35091194839987117,0.11360208773289629,0.13116700443676854,0.8348834061518046,0.3379212475766782,0.26451135060641706,0.08284141221565158,0.2870811460615897,0.1473538689916558
1,0.3544691752718871,0.22599049067315963,0.679711996165911,0.45253323064744677,0.3389857360097394,0.0,0.0,0.0,0.48604599401948567,0.0,0.13892061219166915,0.8020011304082176,0.40838162821083107,0.13774461227714122,0.6469261171376864,0.6078257853964528,0.142486854356035,0.06797798163906692
1,0.08335430271893933,0.10628444494065528,0.6393438238645214,0.1418857436384389,0.3188533348219659,0.46892692176236717,0.0,0.6193122835030105,0.1142949168704237,0.40363430610625395,0.2613402026541323,0.45262211555880816,0.5761916957088712,0.5182557767216883,0.30425255094929793,0.381151295520138,0.13522393158830293,0.14283297369212525
1,0.21161562649640867,0.35977265990740404,0.21641777236127283,0.0,0.26982949493055297,0.6613820035739819,0.1590486112818845,0.524092748646368,0.2901660700161326,0.5123630321168201,0.2211590320251371,0.12767708901212554,0.0,0.21928686202346875,0.3862103819605046,0.2419118376629561,0.1555556914540883,0.2908627603868289
1,0.4645750751383436,0.33850067814622753,0.40724363394395396,0.33891427245805145,0.33850067814622753,0.0,0.44893402509509855,0.09862102966577589,0.36401287969191887,0.4820689650882271,0.10404137204024866,0.12012803092226108,0.4587719300048573,0.10316063416631897,0.12112507959368145,0.0,0.34690735951973845,0.17262082244748164
1,0.5004572877019666,0.18232266466285454,0.7677210787285288,0.24339391217854114,0.09116133233142727,0.13406791864918402,0.32240545045644203,0.0,0.5881920109627649,0.17310078224458195,0.6724630611474225,0.12940631503838257,0.4942059272027392,0.0,0.0,0.08172941002530094,0.2725678272550643,0.17305387654409188
1,0.07781286538595084,0.29765579953349824,0.4774719315398251,0.26490621143219767,0.19843719968899887,0.14591747215888928,0.35090116125360143,0.23125603250777835,0.4267861257612541,0.1884002439088322,0.24396617026036924,0.7042192704284428,0.5378861725455947,0.36285139765532376,0.42603852503292444,0.17790607972568656,0.2814129995786031,0.08306723603129779
1,0.5303267752752171,0.08452696067974995,0.5084637765273368,0.33852095704803886,0.0,0.24862194086579265,0.0,0.3940263135616833,0.4544880461856806,0.16050317212594709,0.10392063037125521,0.0,0.45823951787466455,0.20608182921530593,0.24196902402006717,0.22734437236409835,0.21540085693304678,0.2920861676818023
1,0.27361565564475315,0.0,0.4197371313607472,0.46574873169029407,0.08722131653279491,0.0,0.1542355027454182,0.2032930886254335,0.5627702037496238,0.16561932273366,0.42893269191306954,0.24762668286308556,0.1576154074193774,0.3189762469825519,0.49936391100459404,0.23459113286997788,0.28544907967852406,0.20155721440444166
1,0.47945025039829825,0.1746695459812106,0.31521234034574197,0.23317728606825205,0.3493390919624212,0.12844032597045418,0.0,0.30533629480906055,0.28175112429007004,0.33166951678294043,0.0,0.24794879272583242,0.0,0.21292744501008926,0.5000134776788097,0.39149381040556824,0.22442183515916417,0.25537775428999593
1,0.3409875378639719,0.26087438808591906,0.4184705897344213,0.23217167586132087,0.26087438808591906,0.0,0.15377010268931385,0.30401948861501016,0.37404804333065683,0.1651195724121051,0.1069096007537666,0.1234397391478726,0.1571398086230551,0.3180137476837577,0.24892854922403684,0.4677665252073822,0.14654036430042391,0.32937011995315485
1,0.12927532027578972,0.08241899465206508,0.2974701061628141,0.4401050540432422,0.16483798930413016,0.12121085538754535,0.2914868883262854,0.2881499497531918,0.3545230780500926,0.46950144588330345,0.10132901751026326,0.23399259563947875,0.29787450906674495,0.30141372131554445,0.35390206041301,0.2955663606715191,0.33458391580813934,0.20617986982007727
1,0.43017577480831315,0.0,0.21996882850562935,0.3661227297991115,0.18283796581196918,0.13444683672098318,0.48497500437330887,0.10653844801210652,0.19661814214586754,0.5207700583674293,0.5619697109117108,0.38931617386010836,0.16520090282258135,0.22288499516322396,0.39254745277918823,0.2458812090697165,0.1496163195345015,0.2811901292977984
1,0.1373656108867642,0.175153858058925,0.21072422674558558,0.35073573676338554,0.2627307870883875,0.643982283737401,0.3097286813523433,0.20412194062715916,0.2825323450325684,0.4988837218766276,0.10767037638087884,0.12431814430792074,0.15825802565507682,0.3202767540612827,0.37604991129789456,0.31406345468419977,0.2331688720063691,0.24503310241334242
1,0.1495822038626501,0.19073114394764631,0.22946495880865794,0.3819283745020104,0.28609671592146946,0.14025095309968086,0.16863718094024108,0.33341324883235535,0.20510621525350228,0.18108396055308415,0.11724602748681641,0.4061230875540525,0.3446653657144573,0.46501403477618874,0.40949386190014114,0.5984906335140591,0.15027324499673025,0.24042421751557422
1,0.08679851168253065,0.33202838971466625,0.39945694862551634,0.4432454345510587,0.33202838971466625,0.4883030337868308,0.19571120015574858,0.5159218681826416,0.11901759541654983,0.42031252006470676,0.13606940429744308,0.15710817039872843,1.0,0.40475262184721744,0.1584121499225975,0.49612563625793726,0.18622319476513446,0.052186098575620454
1,0.49391535651136464,0.1799393597215108,0.541203928629065,0.36031843434144734,0.1799393597215108,0.13231539526662417,0.15909549817389435,0.0,0.48375268301421276,0.0,0.33183634322970373,0.25542945541066014,0.4877457132160596,0.10967575345496731,0.2575494901536223,0.24198315230139897,0.14000196070735807,0.30460419503991204
1,0.2640014933990297,0.4488350934769356,0.0,0.5991779986672678,0.2244175467384678,0.0,0.19842140959364296,0.39229976711930087,0.3619972545802824,0.0,0.41386108176404607,0.47785141480486115,0.608308802262939,0.27357175845407244,0.8030292098609368,0.4023967887520059,0.060241787752204616,0.15007305576835894
1,0.4114805059066703,0.26233785028264334,0.10520453514325234,0.0,0.17489190018842893,0.3858114912409002,0.15463272754843993,0.8152666338511058,0.18807319551330468,0.3320917318408,0.10750934594269827,0.12413221568089632,0.0,0.5329962537385823,0.3754874958589455,0.15679687269858403,0.19519807887724433,0.28057180815311106
1,0.6872200164896045,0.3983041264391503,0.5750304102937625,0.10634421096263424,0.3983041264391503,0.0,0.14086610849039066,0.0,0.5139883306076801,0.3025263194144558,0.195876040336299,0.0,0.14395303731037187,0.0,0.0,0.0,0.2975480706068685,0.2676197117862608
1,0.23835680015389396,0.20261797632378367,0.3656486661962716,0.405731086914002,0.10130898816189184,0.14899173625435547,0.35829412677814587,0.2361282531341368,0.326833405960452,0.19236955681465964,0.4982123491673131,0.43143367378510594,0.732291512173064,0.24699742459042603,0.29000968203351263,0.3633085924031484,0.21444536345780818,0.12211499609706403
1,0.3861432616919669,0.08206139514855096,0.19745296198414183,0.1095488815993825,0.16412279029710192,0.2413698915460382,0.14511109256151014,0.38253296647703133,0.17649243672508372,0.7791072886392462,0.2017787424131315,0.11648867432602959,0.0,0.0,0.5872775838069648,0.44142593618272685,0.11273764358890792,0.40966687807058194
1,0.13805711601101575,0.17603559104579328,0.10589251134379091,0.47000180988498474,0.26405338656868993,0.1294448243356369,0.15564393525191805,0.5128737508543467,0.1893030843417302,0.5013951266442135,0.0,0.12494396785481439,0.31810940841005586,0.42918539029412467,0.5039239529684256,0.3945555816176874,0.28032341440725395,0.19806686901925105
1,0.649863733399256,0.10357954529398888,0.12461455220353897,0.6913740208162565,0.31073863588196665,0.45699290577634394,0.18316214289832924,0.36213060955085946,0.22277230737692474,0.19668098146856983,0.0,0.14703435027819853,0.5615278310671049,0.6313329496238669,0.14825471826785536,0.1857255683098046,0.0840586491875244,0.21645884747776853
1,0.3611513490391107,0.18420054835858715,0.5540203131854203,0.0,0.18420054835858715,0.1354487889815569,0.3257261563047634,0.2146648313215719,0.3961668402913782,0.1748836825619767,0.6793892840657103,0.26147834373978973,0.16643204683510593,0.33681903657954004,0.13182429177583785,0.2477136153893332,0.16504739146423789,0.2603541082136989
1,0.39619295469900423,0.16839421963842238,0.5064795905008715,0.22479996100231656,0.0,0.0,0.44666318093677687,0.0,0.6338002866762811,0.31975367625060336,0.4140603971791175,0.3585611609637457,0.15215044091543004,0.0,0.4820495691416883,0.07548573430609341,0.35284052523213066,0.17163343550087432
1,0.2866700775858667,0.18276543071834442,0.10994078146708734,0.609962470598381,0.36553086143668884,0.13439349925441377,0.16159420203619496,0.31948854690859696,0.29481021031446286,0.3470423063760639,0.11234935349375742,0.12972057505521029,0.1651353646675274,0.4455931453925205,0.5231889629047032,0.24578366359309053,0.1509914577959136,0.2803205408160373
1,0.0,0.3018055456655664,0.12103214271670137,0.5371987632479823,0.503009242775944,0.4438553091464042,0.5336898354381246,0.23448007123949663,0.32455209953007924,0.3820536237193781,0.0,0.4284222545227665,0.18179502416942578,0.4905467511423557,0.5759708124781863,0.1803863440691669,0.25284919192349253,0.09471778803187454
1,0.07077317844279804,0.1804846958612878,0.10856882741911177,0.48188058566678926,0.27072704379193163,0.265432798131802,0.15957766352651273,0.42066885401193627,0.19408751037245064,0.5140673337766788,0.33284202842684274,0.0,0.326149271783157,0.33002443216948374,0.38749505504144593,0.485433044935445,0.13730086440380926,0.3042618238891599
1,0.3581951556525943,0.18269278037073622,0.0,0.2438880027528898,0.09134639018536811,0.4030202311132724,0.6461198695124957,0.3193615483077209,0.19646201433294264,0.346904354991637,0.11230469395637775,0.3890070310612919,0.1650697223762125,0.33406201459682155,0.5229809921748425,0.327581284163278,0.2818359808326467,0.16282101305895308
1,0.3670119166333268,0.18718965463610587,0.11260213067843605,0.6247279026647821,0.46797413659026466,0.0,0.16550593157284826,0.0,0.20129781011306977,0.3554431996210794,0.11506900728670104,0.2657214720348602,0.16913281553752393,0.22818983509738203,0.6698173232940317,0.5034667543239023,0.0992732707048696,0.3043919862117029
1,0.17552145317624648,0.0,0.26925678311375584,0.597545443871912,0.11190304289940294,0.4937161733493417,0.3957615584452231,0.3912308846378812,0.12033697868842501,0.21248597147540596,0.27515563472409404,0.7942490556493083,0.808868492207442,0.6820659228136826,0.6406729842761534,0.10032509883635386,0.07746094750792205,0.13767360754715446
1,0.2100435159161185,0.35709987805993887,0.3222149793432247,0.35753619765352856,0.44637484757492357,0.0,0.0,0.31211953128714875,0.480017335792744,0.3390377622328265,0.0,0.2534571300054459,0.0,0.21765776117863309,0.6389019866929043,0.2401146539398825,0.27781824968409274,0.18752626099176162
1,0.6477704750927583,0.5162295402608466,0.0,0.6891470548577159,0.5162295402608466,0.6073611978936574,0.18257216432689496,0.12032138684796827,0.22205474158750116,0.0,0.0,0.29312148390391385,0.3731460727471959,0.2517197521273668,0.4433315371429295,0.0,0.07697537474528741,0.22623595319652212
1,0.15279752813817502,0.389661959532657,0.35159608825344163,0.13004602161391654,0.2922464696494927,0.143265698721299,0.5167862967880694,0.3405800887709932,0.20951504849660108,0.5549292798905786,0.11976627380390759,0.5531371361536462,0.528111111041991,0.23750484091210322,0.2788640549939114,0.26200946098059397,0.15198771248439913,0.21801271602996602
1,0.2635873893881663,0.0840245747989208,0.5054417227330662,0.22433930545349673,0.1680491495978416,0.0,0.0,0.293763314009748,0.2710720782446834,0.47864766519370117,0.20660595647969215,0.23855093644011569,0.45551597189635346,0.10242849106574028,0.48106176288121905,0.3766552523045517,0.17715199883217334,0.33165608474874725
1,0.37457293572788375,0.286569081127356,0.22984382111807766,0.0,0.19104605408490405,0.9833776189738063,0.5067468373095648,0.33396373686372877,0.20544485961467499,0.5441488275962294,0.23487921736195183,0.27119574966137283,0.0,0.3493363535158025,0.27344664281111325,0.08563982605724867,0.12844709091523218,0.25848316944607297
1,0.4141321927478243,0.352037897684978,0.21176500077392543,0.46995737645179647,0.0,0.0,0.3112584417048284,0.10256505287138526,0.5678555635343833,0.0,0.43280865593406764,0.24986431159018418,0.6361586694213236,0.0,0.3779072344309907,0.15780731231382847,0.2638669147453496,0.21297616070576808
1,0.20650946031578618,0.17554577387297476,0.3167935996482017,0.11717350870327035,0.35109154774594953,0.0,0.0,0.5114466850595044,0.0,1.0,0.21582258883064015,0.3737889377517038,0.4758364085114813,0.10699779661965872,0.7537826848375112,0.0786915469758168,0.2316598111478266,0.2443977720056245
1,0.5049815700026598,0.091985457811283,0.4426637171212136,0.4911885306552054,0.183970915622566,0.0,0.16266004567193462,0.21439722043233653,0.2967547205905455,0.1746656646523124,0.33927116332577845,0.26115237300833266,0.4986736953505627,0.33639914273230137,0.26331990730109683,0.16493653626059646,0.17911199771993713,0.24885298979494327
