1,0.030837800041906206,0.020558533361270805,0.010279266680635403,0.04111706672254161,0.030837800041906206,0.020558533361270805,0.030837800041906206,0.020558533361270805,0.030837800041906206,0.010279266680635403,0.020558533361270805,0.020558533361270805,0.010279266680635403,0.05139633340317701,0.010279266680635403,0.05139633340317701,0.3103254101274179,0.27850392264716595
1,0.03619066193586497,0.018095330967932484,0.018095330967932484,0.027142996451898726,0.027142996451898726,0.03619066193586497,0.018095330967932484,0.018095330967932484,0.03619066193586497,0.018095330967932484,0.027142996451898726,0.018095330967932484,0.0,0.027142996451898726,0.03619066193586497,0.0,0.31048789698394186,0.32760548365740844
1,0.025064864733465166,0.008354954911155055,0.058484684378085385,0.01670990982231011,0.0,0.008354954911155055,0.01670990982231011,0.01670990982231011,0.08354954911155055,0.0,0.025064864733465166,0.008354954911155055,0.0,0.025064864733465166,0.01670990982231011,0.025064864733465166,0.3593388218464073,0.3064629817073905
1,0.0290793921849412,0.03877252291325494,0.009693130728313735,0.0290793921849412,0.0290793921849412,0.009693130728313735,0.0,0.03877252291325494,0.0290793921849412,0.0,0.009693130728313735,0.0290793921849412,0.01938626145662747,0.0290793921849412,0.03877252291325494,0.04846565364156867,0.28294858106334514,0.3293261898041055
1,0.08600888774589978,0.009556543082877754,0.038226172331511016,0.019113086165755508,0.009556543082877754,0.0,0.009556543082877754,0.019113086165755508,0.02866962924863326,0.009556543082877754,0.02866962924863326,0.019113086165755508,0.019113086165755508,0.019113086165755508,0.009556543082877754,0.05733925849726652,0.2809834221736896,0.3367548545112002
1,0.0,0.024207624491096383,0.024207624491096383,0.012103812245548191,0.024207624491096383,0.06051906122774096,0.012103812245548191,0.06051906122774096,0.012103812245548191,0.012103812245548191,0.0,0.048415248982192766,0.024207624491096383,0.048415248982192766,0.036311436736644574,0.08472668571883733,0.22246085215396386,0.2933866580241084
1,0.027542581951892714,0.01836172130126181,0.01836172130126181,0.03672344260252362,0.03672344260252362,0.01836172130126181,0.03672344260252362,0.01836172130126181,0.01836172130126181,0.027542581951892714,0.03672344260252362,0.0,0.009180860650630906,0.045904303253154526,0.0,0.01836172130126181,0.30487850341226164,0.327887070562502
1,0.06192056560219593,0.02653738525808397,0.008845795086027992,0.02653738525808397,0.008845795086027992,0.017691590172055984,0.044228975430139955,0.008845795086027992,0.03538318034411197,0.008845795086027992,0.008845795086027992,0.02653738525808397,0.017691590172055984,0.02653738525808397,0.017691590172055984,0.008845795086027992,0.31879592996156725,0.3273722665973132
1,0.02663727333042733,0.01775818222028489,0.02663727333042733,0.01775818222028489,0.04439545555071222,0.0,0.01775818222028489,0.008879091110142444,0.01775818222028489,0.03551636444056978,0.01775818222028489,0.02663727333042733,0.0,0.01775818222028489,0.04439545555071222,0.03551636444056978,0.30291331568218605,0.3419230399121162
1,0.04530416149169299,0.009060832298338598,0.04530416149169299,0.02718249689501579,0.009060832298338598,0.009060832298338598,0.0,0.018121664596677196,0.05436499379003158,0.0,0.02718249689501579,0.02718249689501579,0.009060832298338598,0.018121664596677196,0.03624332919335439,0.02718249689501579,0.3105472504071819,0.32701945765927437
1,0.021815759040086594,0.04363151808017319,0.0,0.06544727712025977,0.04363151808017319,0.032723638560129886,0.0,0.05453939760021648,0.021815759040086594,0.0,0.0,0.0,0.032723638560129886,0.05453939760021648,0.021815759040086594,0.04363151808017319,0.26989201590005013,0.29379280329821794
1,0.0,0.018582785316493135,0.009291392658246567,0.027874177974739702,0.009291392658246567,0.018582785316493135,0.027874177974739702,0.027874177974739702,0.03716557063298627,0.009291392658246567,0.055748355949479404,0.018582785316493135,0.018582785316493135,0.03716557063298627,0.027874177974739702,0.027874177974739702,0.2738422696869895,0.3545020239831479
1,0.010360712880861229,0.020721425761722458,0.041442851523444915,0.031082138642583683,0.031082138642583683,0.031082138642583683,0.031082138642583683,0.010360712880861229,0.041442851523444915,0.010360712880861229,0.041442851523444915,0.031082138642583683,0.031082138642583683,0.031082138642583683,0.010360712880861229,0.010360712880861229,0.29887578621487226,0.2866956985506786
1,0.009971283791435734,0.029913851374307198,0.04985641895717866,0.019942567582871468,0.04985641895717866,0.029913851374307198,0.009971283791435734,0.009971283791435734,0.019942567582871468,0.029913851374307198,0.029913851374307198,0.019942567582871468,0.029913851374307198,0.019942567582871468,0.009971283791435734,0.029913851374307198,0.2802764762629088,0.32087217207966184
1,0.00979927417615421,0.0,0.0,0.05879564505692525,0.029397822528462625,0.01959854835230842,0.00979927417615421,0.01959854835230842,0.00979927417615421,0.01959854835230842,0.01959854835230842,0.029397822528462625,0.01959854835230842,0.03919709670461684,0.05879564505692525,0.048996370880771044,0.2672341760834229,0.3407948568704087
1,0.026590677512102975,0.008863559170700993,0.062044914194906944,0.03545423668280397,0.03545423668280397,0.008863559170700993,0.0,0.008863559170700993,0.04431779585350496,0.017727118341401987,0.0,0.017727118341401987,0.026590677512102975,0.017727118341401987,0.017727118341401987,0.026590677512102975,0.315373952740024,0.3300836804319365
1,0.032091468876916635,0.010697156292305545,0.0,0.032091468876916635,0.032091468876916635,0.032091468876916635,0.02139431258461109,0.032091468876916635,0.0,0.032091468876916635,0.010697156292305545,0.04278862516922218,0.010697156292305545,0.05348578146152772,0.04278862516922218,0.04278862516922218,0.2772767801062681,0.29483696820151006
1,0.06375442578338458,0.018215550223824168,0.036431100447648336,0.036431100447648336,0.009107775111912084,0.0,0.0,0.018215550223824168,0.06375442578338458,0.0,0.02732332533573625,0.009107775111912084,0.018215550223824168,0.009107775111912084,0.036431100447648336,0.018215550223824168,0.3012888065742467,0.3344001889492701
1,0.060641602070596545,0.025989258030255664,0.025989258030255664,0.017326172020170446,0.017326172020170446,0.008663086010085223,0.0,0.025989258030255664,0.04331543005042611,0.008663086010085223,0.017326172020170446,0.0,0.008663086010085223,0.017326172020170446,0.017326172020170446,0.05197851606051133,0.2978338550113389,0.3556427045852523
1,0.028100179929859304,0.03746690657314574,0.009366726643286435,0.009366726643286435,0.03746690657314574,0.028100179929859304,0.009366726643286435,0.05620035985971861,0.009366726643286435,0.03746690657314574,0.028100179929859304,0.0,0.009366726643286435,0.028100179929859304,0.028100179929859304,0.01873345328657287,0.26873327934366664,0.3565976549248758
1,0.022031879561654064,0.05507969890413516,0.0,0.03304781934248109,0.06609563868496218,0.04406375912330813,0.022031879561654064,0.03304781934248109,0.011015939780827032,0.011015939780827032,0.0,0.022031879561654064,0.011015939780827032,0.05507969890413516,0.022031879561654064,0.03304781934248109,0.27916006962799556,0.28020233913892306
1,0.034246097319023984,0.008561524329755996,0.06849219463804797,0.017123048659511992,0.017123048659511992,0.0,0.008561524329755996,0.0,0.04280762164877998,0.017123048659511992,0.017123048659511992,0.04280762164877998,0.025684572989267986,0.0,0.034246097319023984,0.008561524329755996,0.33712380729237,0.3204152195173901
1,0.018159044080572628,0.018159044080572628,0.009079522040286314,0.02723856612085894,0.018159044080572628,0.009079522040286314,0.018159044080572628,0.018159044080572628,0.036318088161145255,0.018159044080572628,0.04539761020143157,0.02723856612085894,0.009079522040286314,0.018159044080572628,0.04539761020143157,0.02723856612085894,0.2870659662938231,0.3497531520947245
1,0.008921862100520334,0.0,0.0,0.03568744840208134,0.0,0.008921862100520334,0.0,0.03568744840208134,0.03568744840208134,0.008921862100520334,0.03568744840208134,0.01784372420104067,0.0,0.01784372420104067,0.07137489680416267,0.080296758904683,0.26651477918880406,0.3766107367903825
1,0.028914854915590118,0.009638284971863373,0.03855313988745349,0.028914854915590118,0.048191424859316864,0.009638284971863373,0.009638284971863373,0.028914854915590118,0.019276569943726746,0.019276569943726746,0.009638284971863373,0.028914854915590118,0.009638284971863373,0.048191424859316864,0.028914854915590118,0.019276569943726746,0.3114546695859786,0.3030139315394865
1,0.02679469337374746,0.008931564457915821,0.017863128915831642,0.035726257831663284,0.035726257831663284,0.0,0.008931564457915821,0.02679469337374746,0.017863128915831642,0.02679469337374746,0.02679469337374746,0.008931564457915821,0.008931564457915821,0.035726257831663284,0.02679469337374746,0.044657822289579104,0.27052302839831155,0.37221439328505573
1,0.009650226432657286,0.019300452865314573,0.028950679297971856,0.028950679297971856,0.019300452865314573,0.019300452865314573,0.019300452865314573,0.019300452865314573,0.038600905730629145,0.019300452865314573,0.028950679297971856,0.028950679297971856,0.019300452865314573,0.028950679297971856,0.028950679297971856,0.028950679297971856,0.3047849023033325,0.30920604039037614
1,0.02606327023259563,0.0,0.04343878372099272,0.04343878372099272,0.0,0.0,0.0,0.02606327023259563,0.0608142972093898,0.01737551348839709,0.008687756744198544,0.0,0.01737551348839709,0.008687756744198544,0.03475102697679418,0.0608142972093898,0.3471303968145055,0.3053593334175527
1,0.03866333208236651,0.019331666041183256,0.02899749906177488,0.02899749906177488,0.019331666041183256,0.02899749906177488,0.0,0.03866333208236651,0.019331666041183256,0.02899749906177488,0.009665833020591628,0.009665833020591628,0.02899749906177488,0.009665833020591628,0.02899749906177488,0.048329165102958135,0.27000126014985343,0.3433654190264814
1,0.047772450985819184,0.02866347059149151,0.047772450985819184,0.009554490197163838,0.019108980394327676,0.019108980394327676,0.047772450985819184,0.009554490197163838,0.05732694118298302,0.009554490197163838,0.009554490197163838,0.02866347059149151,0.009554490197163838,0.03821796078865535,0.0,0.0,0.3194957375445187,0.29832465456892787
1,0.009682659221229094,0.019365318442458188,0.009682659221229094,0.04841329610614547,0.019365318442458188,0.029047977663687278,0.0,0.038730636884916375,0.019365318442458188,0.0,0.019365318442458188,0.009682659221229094,0.029047977663687278,0.04841329610614547,0.019365318442458188,0.06777861454860365,0.24711847871472767,0.36557515243610855
1,0.008526826828074532,0.0,0.025580480484223594,0.008526826828074532,0.017053653656149064,0.008526826828074532,0.0,0.04263413414037266,0.008526826828074532,0.03410730731229813,0.04263413414037266,0.025580480484223594,0.008526826828074532,0.025580480484223594,0.04263413414037266,0.04263413414037266,0.2780798705663183,0.3808470563107003
1,0.026821950229927314,0.0,0.026821950229927314,0.017881300153284877,0.008940650076642439,0.0,0.008940650076642439,0.017881300153284877,0.017881300153284877,0.017881300153284877,0.04470325038321219,0.035762600306569754,0.026821950229927314,0.017881300153284877,0.026821950229927314,0.06258455053649706,0.27185664723996233,0.37051734969434
1,0.0,0.009523582916360152,0.0,0.03809433166544061,0.009523582916360152,0.009523582916360152,0.019047165832720304,0.0571414974981609,0.0,0.02857074874908045,0.0,0.019047165832720304,0.03809433166544061,0.04761791458180075,0.03809433166544061,0.06666508041452104,0.2968988143184686,0.32215786902712523
1,0.00960202711671378,0.0480101355835689,0.01920405423342756,0.028806081350141333,0.01920405423342756,0.0,0.028806081350141333,0.028806081350141333,0.06721418981699645,0.0,0.028806081350141333,0.00960202711671378,0.01920405423342756,0.028806081350141333,0.01920405423342756,0.028806081350141333,0.29833693537612455,0.3175819799553243
1,0.060587091222042484,0.03462119498402428,0.03462119498402428,0.01731059749201214,0.03462119498402428,0.00865529874600607,0.01731059749201214,0.0,0.04327649373003035,0.01731059749201214,0.025965896238018208,0.0,0.00865529874600607,0.0,0.0,0.04327649373003035,0.2607136066990338,0.3930744434607234
1,0.03548806235366202,0.008872015588415504,0.02661604676524651,0.03548806235366202,0.01774403117683101,0.0,0.03548806235366202,0.01774403117683101,0.04436007794207752,0.02661604676524651,0.02661604676524651,0.008872015588415504,0.01774403117683101,0.03548806235366202,0.008872015588415504,0.008872015588415504,0.35000182337112523,0.2951175530922547
1,0.038580745322474845,0.019290372661237423,0.04822593165309355,0.009645186330618711,0.019290372661237423,0.0,0.0,0.028935558991856132,0.04822593165309355,0.009645186330618711,0.019290372661237423,0.028935558991856132,0.0,0.019290372661237423,0.038580745322474845,0.057871117983712264,0.31144847408035226,0.30274407269489945
1,0.05790099446476765,0.028950497232383826,0.009650165744127942,0.03860066297651177,0.028950497232383826,0.009650165744127942,0.019300331488255884,0.019300331488255884,0.019300331488255884,0.009650165744127942,0.03860066297651177,0.019300331488255884,0.03860066297651177,0.019300331488255884,0.019300331488255884,0.009650165744127942,0.27188334556264826,0.3421100246722339
1,0.04480495841214698,0.03584396672971759,0.03584396672971759,0.017921983364858795,0.026882975047288187,0.0,0.008960991682429397,0.017921983364858795,0.04480495841214698,0.008960991682429397,0.026882975047288187,0.008960991682429397,0.017921983364858795,0.017921983364858795,0.017921983364858795,0.026882975047288187,0.33142671220912234,0.31013362049370186
1,0.010419479623725646,0.041677918494902585,0.010419479623725646,0.010419479623725646,0.031258438871176936,0.031258438871176936,0.031258438871176936,0.031258438871176936,0.041677918494902585,0.010419479623725646,0.020838959247451293,0.031258438871176936,0.0,0.041677918494902585,0.031258438871176936,0.041677918494902585,0.3231886826530732,0.2600321323979009
1,0.03643325902881459,0.018216629514407296,0.027324944271610942,0.04554157378601824,0.04554157378601824,0.009108314757203648,0.018216629514407296,0.009108314757203648,0.03643325902881459,0.018216629514407296,0.0,0.009108314757203648,0.009108314757203648,0.03643325902881459,0.027324944271610942,0.018216629514407296,0.3080801835301884,0.3275872261816656
1,0.04999296370717225,0.02999577822430335,0.02999577822430335,0.019997185482868902,0.019997185482868902,0.0,0.009998592741434451,0.0599915564486067,0.039994370965737804,0.009998592741434451,0.019997185482868902,0.0,0.019997185482868902,0.04999296370717225,0.019997185482868902,0.019997185482868902,0.2987581268002901,0.3012981635423319
1,0.09723806109450688,0.03535929494345705,0.06187876615104983,0.008839823735864262,0.0441991186793213,0.017679647471728524,0.0,0.0,0.0441991186793213,0.008839823735864262,0.008839823735864262,0.008839823735864262,0.008839823735864262,0.0,0.008839823735864262,0.0,0.30848682214504325,0.33792022842038627
1,0.04285748200347997,0.0,0.01714299280139199,0.03428598560278398,0.01714299280139199,0.008571496400695995,0.0,0.01714299280139199,0.025714489202087982,0.008571496400695995,0.01714299280139199,0.01714299280139199,0.008571496400695995,0.025714489202087982,0.025714489202087982,0.07714346760626395,0.26838744991826574,0.38875269405389434
1,0.09585384619955024,0.007987820516629187,0.0639025641330335,0.007987820516629187,0.02396346154988756,0.0,0.0,0.007987820516629187,0.03993910258314593,0.015975641033258374,0.015975641033258374,0.007987820516629187,0.015975641033258374,0.007987820516629187,0.0,0.007987820516629187,0.29746495104944,0.3830222282853925
1,0.027756248203924444,0.009252082734641481,0.0,0.04626041367320741,0.018504165469282963,0.018504165469282963,0.018504165469282963,0.018504165469282963,0.009252082734641481,0.037008330938565925,0.04626041367320741,0.009252082734641481,0.027756248203924444,0.009252082734641481,0.04626041367320741,0.027756248203924444,0.26824523004928236,0.3616714605650583
1,0.02784010468136209,0.018560069787574726,0.05568020936272418,0.009280034893787363,0.0,0.0,0.018560069787574726,0.02784010468136209,0.0742402791502989,0.009280034893787363,0.03712013957514945,0.018560069787574726,0.018560069787574726,0.018560069787574726,0.018560069787574726,0.018560069787574726,0.34236337681643764,0.2864352274320679
1,0.05655586480219052,0.02827793240109526,0.018851954934063508,0.037703909868127015,0.037703909868127015,0.009425977467031754,0.018851954934063508,0.009425977467031754,0.02827793240109526,0.009425977467031754,0.02827793240109526,0.018851954934063508,0.018851954934063508,0.02827793240109526,0.018851954934063508,0.009425977467031754,0.2781824638471581,0.34477843747157183
1,0.02945368936025082,0.00981789645341694,0.049089482267084705,0.0,0.03927158581366776,0.01963579290683388,0.02945368936025082,0.01963579290683388,0.02945368936025082,0.02945368936025082,0.00981789645341694,0.03927158581366776,0.0,0.03927158581366776,0.01963579290683388,0.02945368936025082,0.3436128534908577,0.26367128837246484
1,0.009537405961188674,0.0381496238447547,0.02861221788356602,0.01907481192237735,0.0381496238447547,0.009537405961188674,0.009537405961188674,0.02861221788356602,0.02861221788356602,0.009537405961188674,0.01907481192237735,0.01907481192237735,0.01907481192237735,0.01907481192237735,0.01907481192237735,0.06676184172832071,0.25450119589368897,0.36400256565876404
1,0.0175319189990165,0.0,0.035063837998033,0.026297878498524746,0.0175319189990165,0.0175319189990165,0.00876595949950825,0.00876595949950825,0.026297878498524746,0.035063837998033,0.026297878498524746,0.035063837998033,0.026297878498524746,0.0,0.04382979749754125,0.026297878498524746,0.30126029968219925,0.3481013203374708
1,0.020039283954960133,0.030058925932440198,0.020039283954960133,0.04007856790992027,0.030058925932440198,0.04007856790992027,0.010019641977480067,0.04007856790992027,0.020039283954960133,0.020039283954960133,0.0,0.010019641977480067,0.04007856790992027,0.020039283954960133,0.030058925932440198,0.030058925932440198,0.2854085112086682,0.3138058096921291
1,0.034826219299772095,0.017413109649886047,0.034826219299772095,0.026119664474829066,0.034826219299772095,0.008706554824943024,0.008706554824943024,0.017413109649886047,0.034826219299772095,0.026119664474829066,0.017413109649886047,0.017413109649886047,0.008706554824943024,0.017413109649886047,0.026119664474829066,0.017413109649886047,0.30665343873784084,0.3450843682644383
1,0.017256691691600486,0.017256691691600486,0.008628345845800243,0.03451338338320097,0.03451338338320097,0.03451338338320097,0.025885037537400728,0.03451338338320097,0.017256691691600486,0.03451338338320097,0.008628345845800243,0.0,0.008628345845800243,0.03451338338320097,0.017256691691600486,0.017256691691600486,0.316795663362788,0.3380705028052024
1,0.03482408274167832,0.03482408274167832,0.01741204137083916,0.026118062056258738,0.026118062056258738,0.0,0.01741204137083916,0.01741204137083916,0.01741204137083916,0.026118062056258738,0.026118062056258738,0.01741204137083916,0.026118062056258738,0.0,0.026118062056258738,0.03482408274167832,0.2887333771123655,0.36302579547085134
1,0.02791292674712273,0.018608617831415156,0.009304308915707578,0.018608617831415156,0.018608617831415156,0.0,0.018608617831415156,0.02791292674712273,0.018608617831415156,0.018608617831415156,0.02791292674712273,0.02791292674712273,0.009304308915707578,0.02791292674712273,0.03721723566283031,0.06513016240995304,0.26882756453099427,0.35900007884070256
1,0.030526718074553642,0.020351145383035764,0.020351145383035764,0.030526718074553642,0.010175572691517882,0.010175572691517882,0.020351145383035764,0.010175572691517882,0.04070229076607153,0.0,0.07122900884062516,0.020351145383035764,0.010175572691517882,0.020351145383035764,0.020351145383035764,0.07122900884062516,0.27413732104094685,0.31883977129833785
1,0.04567859188879978,0.0,0.05481431026655973,0.036542873511039825,0.009135718377759956,0.0,0.0,0.018271436755519913,0.06395002864431969,0.009135718377759956,0.009135718377759956,0.027407155133279865,0.009135718377759956,0.018271436755519913,0.04567859188879978,0.018271436755519913,0.3489630864262594,0.28560817846334235
1,0.03881922519302372,0.0,0.058228837789535574,0.048524031491279644,0.01940961259651186,0.01940961259651186,0.00970480629825593,0.00970480629825593,0.058228837789535574,0.0,0.00970480629825593,0.01940961259651186,0.01940961259651186,0.03881922519302372,0.00970480629825593,0.029114418894767787,0.3291691097233224,0.2826386383464403
1,0.07259291013021968,0.016131757806715486,0.04839527342014645,0.024197636710073224,0.016131757806715486,0.0,0.008065878903357743,0.0,0.06452703122686194,0.0,0.016131757806715486,0.016131757806715486,0.008065878903357743,0.008065878903357743,0.016131757806715486,0.008065878903357743,0.3281292982503144,0.3492355456153758
1,0.04323608732581906,0.010809021831454765,0.03242706549436429,0.03242706549436429,0.010809021831454765,0.02161804366290953,0.010809021831454765,0.06485413098872858,0.02161804366290953,0.02161804366290953,0.010809021831454765,0.010809021831454765,0.03242706549436429,0.06485413098872858,0.010809021831454765,0.03242706549436429,0.2961852335261056,0.2714538932157038
1,0.009650806008784473,0.019301612017568946,0.057904836052706826,0.019301612017568946,0.019301612017568946,0.0,0.009650806008784473,0.009650806008784473,0.048254030043922355,0.019301612017568946,0.019301612017568946,0.03860322403513789,0.028952418026353413,0.009650806008784473,0.028952418026353413,0.048254030043922355,0.3472513908245719,0.26671636882404937
1,0.0,0.00996525620566213,0.00996525620566213,0.049826281028310646,0.03986102482264852,0.029895768616986385,0.0,0.00996525620566213,0.00996525620566213,0.01993051241132426,0.049826281028310646,0.01993051241132426,0.01993051241132426,0.01993051241132426,0.03986102482264852,0.0697567934396349,0.24014743459025717,0.3612423171832575
1,0.02753427118917288,0.009178090396390962,0.036712361585563846,0.018356180792781923,0.009178090396390962,0.018356180792781923,0.009178090396390962,0.036712361585563846,0.036712361585563846,0.009178090396390962,0.018356180792781923,0.018356180792781923,0.009178090396390962,0.036712361585563846,0.02753427118917288,0.0458904519819548,0.3250679240791765,0.3078084600651851
1,0.024297185766888548,0.008099061922296183,0.024297185766888548,0.048594371533777096,0.024297185766888548,0.0,0.008099061922296183,0.0,0.048594371533777096,0.016198123844592367,0.024297185766888548,0.0,0.008099061922296183,0.008099061922296183,0.040495309611480915,0.040495309611480915,0.3038096457898195,0.37222787731833323
1,0.04500458174027495,0.00900091634805499,0.01800183269610998,0.03600366539221996,0.01800183269610998,0.0,0.0,0.03600366539221996,0.04500458174027495,0.00900091634805499,0.00900091634805499,0.01800183269610998,0.0,0.03600366539221996,0.06300641443638492,0.01800183269610998,0.32582421557310703,0.3141391305046934
1,0.029484982903739215,0.039313310538318956,0.04914163817289869,0.019656655269159478,0.04914163817289869,0.0,0.009828327634579739,0.019656655269159478,0.04914163817289869,0.009828327634579739,0.019656655269159478,0.019656655269159478,0.009828327634579739,0.029484982903739215,0.029484982903739215,0.009828327634579739,0.3364159628563344,0.2704509317604761
1,0.05866756581369013,0.016762161661054324,0.07542972747474445,0.016762161661054324,0.016762161661054324,0.0,0.0,0.008381080830527162,0.07542972747474445,0.0,0.016762161661054324,0.008381080830527162,0.025143242491581484,0.008381080830527162,0.008381080830527162,0.0,0.34152288068236936,0.3232338860965442
1,0.04823426618104649,0.04823426618104649,0.019293706472418598,0.009646853236209299,0.028940559708627894,0.0,0.019293706472418598,0.038587412944837196,0.028940559708627894,0.028940559708627894,0.019293706472418598,0.019293706472418598,0.009646853236209299,0.019293706472418598,0.038587412944837196,0.009646853236209299,0.3092936293214524,0.30483224123017555
1,0.03649101739741042,0.009122754349352604,0.05473652609611562,0.0,0.009122754349352604,0.0,0.009122754349352604,0.03649101739741042,0.045613771746763024,0.009122754349352604,0.01824550869870521,0.02736826304805781,0.009122754349352604,0.03649101739741042,0.02736826304805781,0.03649101739741042,0.3240030797008513,0.3110867463250446
1,0.019776329161020543,0.0,0.029664493741530813,0.019776329161020543,0.009888164580510271,0.039552658322041086,0.009888164580510271,0.039552658322041086,0.009888164580510271,0.019776329161020543,0.019776329161020543,0.029664493741530813,0.029664493741530813,0.049440822902551355,0.019776329161020543,0.049440822902551355,0.2822284307489019,0.3222449860306874
1,0.03660415557436097,0.018302077787180484,0.08235935004231218,0.0,0.009151038893590242,0.0,0.009151038893590242,0.018302077787180484,0.05490623336154145,0.009151038893590242,0.03660415557436097,0.027453116680770724,0.027453116680770724,0.018302077787180484,0.0,0.018302077787180484,0.3133077203122387,0.32065072394415167
1,0.04743980074448651,0.04743980074448651,0.011859950186121628,0.03557985055836488,0.03557985055836488,0.011859950186121628,0.011859950186121628,0.03557985055836488,0.011859950186121628,0.0,0.023719900372243256,0.04743980074448651,0.04743980074448651,0.023719900372243256,0.04743980074448651,0.03557985055836488,0.2568433485457802,0.26875864400935473
1,0.04285843894419988,0.008571687788839976,0.0342867511553599,0.05143012673303985,0.025715063366519925,0.008571687788839976,0.008571687788839976,0.0,0.05143012673303985,0.0,0.025715063366519925,0.008571687788839976,0.008571687788839976,0.025715063366519925,0.025715063366519925,0.01714337557767995,0.3174408245402698,0.33969166390613104
1,0.04860760625951765,0.01944304250380706,0.00972152125190353,0.04860760625951765,0.04860760625951765,0.00972152125190353,0.0,0.02916456375571059,0.01944304250380706,0.01944304250380706,0.01944304250380706,0.00972152125190353,0.00972152125190353,0.03888608500761412,0.03888608500761412,0.01944304250380706,0.25408011923756385,0.35705903068629496
1,0.020466864137216798,0.020466864137216798,0.010233432068608399,0.030700296205825196,0.030700296205825196,0.030700296205825196,0.010233432068608399,0.030700296205825196,0.030700296205825196,0.0,0.020466864137216798,0.020466864137216798,0.010233432068608399,0.040933728274433596,0.030700296205825196,0.07163402448025878,0.25434145823749915,0.33632125901816495
1,0.017328023630826368,0.0,0.017328023630826368,0.04332005907706592,0.02599203544623955,0.008664011815413184,0.008664011815413184,0.034656047261652737,0.017328023630826368,0.034656047261652737,0.017328023630826368,0.017328023630826368,0.02599203544623955,0.02599203544623955,0.04332005907706592,0.008664011815413184,0.29066444532579316,0.36277508205767955
1,0.046032021037771396,0.018412808415108558,0.018412808415108558,0.027619212622662835,0.046032021037771396,0.046032021037771396,0.027619212622662835,0.0,0.018412808415108558,0.009206404207554279,0.018412808415108558,0.018412808415108558,0.009206404207554279,0.036825616830217116,0.0,0.027619212622662835,0.25355718126770044,0.3781866504301284
1,0.062267913111233766,0.041511942074155844,0.041511942074155844,0.020755971037077922,0.051889927592694805,0.031133956555616883,0.0,0.041511942074155844,0.031133956555616883,0.010377985518538961,0.0,0.010377985518538961,0.020755971037077922,0.031133956555616883,0.010377985518538961,0.010377985518538961,0.2941797939944484,0.2907007852639933
1,0.08739151212625407,0.02621745363787622,0.043695756063127034,0.008739151212625407,0.017478302425250815,0.008739151212625407,0.017478302425250815,0.0,0.043695756063127034,0.008739151212625407,0.03495660485050163,0.017478302425250815,0.017478302425250815,0.0,0.008739151212625407,0.008739151212625407,0.29094444621538307,0.3594895052796007
1,0.03147002201519817,0.02098001467679878,0.01049000733839939,0.03147002201519817,0.01049000733839939,0.03147002201519817,0.02098001467679878,0.052450036691996944,0.03147002201519817,0.01049000733839939,0.0,0.03147002201519817,0.02098001467679878,0.052450036691996944,0.03147002201519817,0.03147002201519817,0.31849618492138326,0.26190352154264107
1,0.05520023206350493,0.03312013923810296,0.011040046412700988,0.06624027847620592,0.06624027847620592,0.03312013923810296,0.011040046412700988,0.011040046412700988,0.0,0.022080092825401975,0.0,0.022080092825401975,0.04416018565080395,0.03312013923810296,0.022080092825401975,0.011040046412700988,0.23292995259530755,0.32546819089665285
1,0.061967006850335016,0.00885242955004786,0.061967006850335016,0.01770485910009572,0.03540971820019144,0.0,0.00885242955004786,0.0,0.03540971820019144,0.01770485910009572,0.01770485910009572,0.02655728865014358,0.02655728865014358,0.01770485910009572,0.0,0.01770485910009572,0.3216589211079456,0.32424389689014016
1,0.05450895370969342,0.02725447685484671,0.018169651236564475,0.018169651236564475,0.02725447685484671,0.018169651236564475,0.009084825618282237,0.05450895370969342,0.018169651236564475,0.02725447685484671,0.009084825618282237,0.0,0.009084825618282237,0.03633930247312895,0.018169651236564475,0.018169651236564475,0.29177738262758063,0.34482959264112995
1,0.13026318809020035,0.020040490475415437,0.020040490475415437,0.040080980950830875,0.030060735713123152,0.010020245237707719,0.0,0.010020245237707719,0.030060735713123152,0.0,0.0,0.020040490475415437,0.020040490475415437,0.030060735713123152,0.030060735713123152,0.010020245237707719,0.27026513656618845,0.3289250539255028
1,0.026940445363993794,0.008980148454664598,0.03592059381865839,0.03592059381865839,0.03592059381865839,0.008980148454664598,0.0,0.017960296909329196,0.03592059381865839,0.017960296909329196,0.008980148454664598,0.008980148454664598,0.017960296909329196,0.026940445363993794,0.026940445363993794,0.04490074227332299,0.3086898175247239,0.33210424428869223
1,0.046048524327682,0.0184194097310728,0.046048524327682,0.0092097048655364,0.0276291145966092,0.0184194097310728,0.0092097048655364,0.0184194097310728,0.046048524327682,0.0092097048655364,0.0092097048655364,0.0276291145966092,0.0092097048655364,0.0184194097310728,0.0276291145966092,0.0276291145966092,0.3051712510981784,0.3264405542803656
1,0.010388126699387755,0.03116438009816326,0.02077625339877551,0.03116438009816326,0.05194063349693877,0.03116438009816326,0.03116438009816326,0.02077625339877551,0.0,0.04155250679755102,0.03116438009816326,0.03116438009816326,0.02077625339877551,0.04155250679755102,0.02077625339877551,0.0,0.28452039635799203,0.29995453566649777
1,0.027659167381969444,0.03687888984262593,0.009219722460656483,0.03687888984262593,0.03687888984262593,0.018439444921312966,0.009219722460656483,0.018439444921312966,0.04609861230328241,0.009219722460656483,0.018439444921312966,0.009219722460656483,0.009219722460656483,0.009219722460656483,0.04609861230328241,0.027659167381969444,0.28512229806226325,0.34608880351147747
1,0.03348859366381612,0.0,0.03348859366381612,0.03348859366381612,0.025116445247862086,0.01674429683190806,0.00837214841595403,0.01674429683190806,0.025116445247862086,0.04186074207977014,0.01674429683190806,0.00837214841595403,0.01674429683190806,0.00837214841595403,0.03348859366381612,0.01674429683190806,0.3227130061389815,0.34240105722285746
1,0.06526301786224491,0.016315754465561227,0.06526301786224491,0.008157877232780613,0.008157877232780613,0.0,0.0,0.008157877232780613,0.07342089509502553,0.0,0.016315754465561227,0.016315754465561227,0.008157877232780613,0.0,0.02447363169834184,0.016315754465561227,0.3440651525100622,0.32961975817871325
1,0.08491516464156483,0.008491516464156483,0.08491516464156483,0.0,0.008491516464156483,0.008491516464156483,0.0,0.0,0.07642364817740835,0.0,0.016983032928312967,0.02547454939246945,0.008491516464156483,0.0,0.016983032928312967,0.0,0.3347383726665841,0.3256009687671566
1,0.04540435377817135,0.10215979600088552,0.011351088444542837,0.011351088444542837,0.10215979600088552,0.05675544222271418,0.011351088444542837,0.034053265333628506,0.011351088444542837,0.011351088444542837,0.011351088444542837,0.0,0.0,0.034053265333628506,0.0,0.011351088444542837,0.24666395666483573,0.2992925055534508
1,0.019442985119211432,0.019442985119211432,0.038885970238422864,0.019442985119211432,0.019442985119211432,0.0,0.0,0.038885970238422864,0.04860746279802858,0.009721492559605716,0.019442985119211432,0.029164477678817143,0.009721492559605716,0.029164477678817143,0.04860746279802858,0.038885970238422864,0.29589930570277817,0.31524099191299326
1,0.020773683311890945,0.04154736662378189,0.020773683311890945,0.031160524967836414,0.04154736662378189,0.010386841655945472,0.0,0.020773683311890945,0.04154736662378189,0.010386841655945472,0.08309473324756378,0.010386841655945472,0.010386841655945472,0.010386841655945472,0.051934208279727355,0.010386841655945472,0.27225798264574264,0.3122683511164386
1,0.05594419360714768,0.02797209680357384,0.018648064535715898,0.037296129071431795,0.018648064535715898,0.009324032267857949,0.018648064535715898,0.018648064535715898,0.037296129071431795,0.018648064535715898,0.0,0.009324032267857949,0.02797209680357384,0.009324032267857949,0.02797209680357384,0.037296129071431795,0.3255277731753356,0.3015109361103464
1,0.03431497232962022,0.0,0.01715748616481011,0.02573622924721516,0.03431497232962022,0.0,0.03431497232962022,0.01715748616481011,0.008578743082405055,0.042893715412025274,0.02573622924721516,0.01715748616481011,0.0,0.042893715412025274,0.01715748616481011,0.02573622924721516,0.318873445183727,0.3379768315200707
1,0.05784453095111156,0.011568906190222312,0.023137812380444624,0.034706718570666935,0.0,0.011568906190222312,0.04627562476088925,0.04627562476088925,0.034706718570666935,0.0,0.034706718570666935,0.023137812380444624,0.034706718570666935,0.06941343714133387,0.0,0.034706718570666935,0.27735539413335963,0.25988835825774786
1,0.018665201611917308,0.009332600805958654,0.027997802417875958,0.055995604835751916,0.046663004029793266,0.018665201611917308,0.009332600805958654,0.018665201611917308,0.027997802417875958,0.018665201611917308,0.009332600805958654,0.009332600805958654,0.009332600805958654,0.046663004029793266,0.027997802417875958,0.018665201611917308,0.30987444768496125,0.31682152007669256
1,0.010932334843886424,0.010932334843886424,0.0,0.07652634390720496,0.06559400906331854,0.010932334843886424,0.010932334843886424,0.03279700453165927,0.0,0.010932334843886424,0.0,0.02186466968777285,0.02186466968777285,0.07652634390720496,0.02186466968777285,0.06559400906331854,0.27034959792120844,0.2923570083233348
1,0.019240863930065313,0.009620431965032657,0.048102159825163276,0.048102159825163276,0.0,0.0,0.0,0.03848172786013063,0.05772259179019593,0.009620431965032657,0.009620431965032657,0.009620431965032657,0.048102159825163276,0.019240863930065313,0.028861295895097967,0.03848172786013063,0.3361288581289381,0.2790538632697557
1,0.09645513678216658,0.028936541034649974,0.028936541034649974,0.028936541034649974,0.03858205471286663,0.0,0.0,0.028936541034649974,0.019291027356433316,0.019291027356433316,0.009645513678216658,0.009645513678216658,0.03858205471286663,0.009645513678216658,0.019291027356433316,0.009645513678216658,0.2842785847045121,0.32990086816682157
1,0.037712332218268696,0.02828424916370152,0.018856166109134348,0.018856166109134348,0.02828424916370152,0.037712332218268696,0.0,0.05656849832740304,0.009428083054567174,0.018856166109134348,0.0,0.0,0.02828424916370152,0.037712332218268696,0.009428083054567174,0.04714041527283586,0.26985156280792505,0.35302511500938805
1,0.027294867738474952,0.009098289246158318,0.045491446230791585,0.045491446230791585,0.018196578492316637,0.0,0.009098289246158318,0.009098289246158318,0.06368802472310822,0.018196578492316637,0.018196578492316637,0.018196578492316637,0.027294867738474952,0.009098289246158318,0.036393156984633274,0.009098289246158318,0.34380925805624096,0.29225917209742636
1,0.08443686885578496,0.016887373771156993,0.05066212131347097,0.008443686885578497,0.025331060656735484,0.008443686885578497,0.016887373771156993,0.016887373771156993,0.05066212131347097,0.025331060656735484,0.008443686885578497,0.0,0.008443686885578497,0.008443686885578497,0.008443686885578497,0.0,0.33717933130294436,0.32507319327391576
1,0.02782041201052346,0.018546941340348976,0.046367353350872435,0.009273470670174488,0.018546941340348976,0.0,0.0,0.009273470670174488,0.03709388268069795,0.009273470670174488,0.0741877653613959,0.02782041201052346,0.018546941340348976,0.0,0.02782041201052346,0.046367353350872435,0.2758551733302797,0.35320599986274065
1,0.0,0.009190984472400828,0.07352787577920662,0.0,0.009190984472400828,0.0,0.02757295341720248,0.009190984472400828,0.05514590683440496,0.02757295341720248,0.07352787577920662,0.03676393788960331,0.018381968944801656,0.009190984472400828,0.018381968944801656,0.0,0.3470541417546075,0.2853064793493594
1,0.025829035639985808,0.017219357093323874,0.04304839273330968,0.008609678546661937,0.025829035639985808,0.008609678546661937,0.025829035639985808,0.008609678546661937,0.017219357093323874,0.04304839273330968,0.051658071279971615,0.025829035639985808,0.025829035639985808,0.0,0.017219357093323874,0.0,0.31202508001795143,0.34358777811557106
1,0.058891188754006465,0.019630396251335492,0.029445594377003233,0.019630396251335492,0.009815198125667746,0.009815198125667746,0.019630396251335492,0.029445594377003233,0.039260792502670984,0.009815198125667746,0.039260792502670984,0.019630396251335492,0.009815198125667746,0.039260792502670984,0.019630396251335492,0.019630396251335492,0.2922167860112885,0.3151752889620016
1,0.009813929617341064,0.02944178885202319,0.01962785923468213,0.04906964808670532,0.03925571846936426,0.01962785923468213,0.02944178885202319,0.0,0.04906964808670532,0.009813929617341064,0.04906964808670532,0.009813929617341064,0.009813929617341064,0.02944178885202319,0.01962785923468213,0.01962785923468213,0.3116421095899403,0.29580070571641714
1,0.05237656781631243,0.026188283908156217,0.03491771187754163,0.017458855938770813,0.05237656781631243,0.008729427969385407,0.0,0.017458855938770813,0.017458855938770813,0.04364713984692703,0.0,0.017458855938770813,0.008729427969385407,0.008729427969385407,0.03491771187754163,0.008729427969385407,0.3053811465768477,0.3454417346477361
1,0.0,0.018776329427277808,0.018776329427277808,0.009388164713638904,0.02816449414091671,0.037552658854555616,0.0,0.05632898828183342,0.009388164713638904,0.018776329427277808,0.009388164713638904,0.009388164713638904,0.009388164713638904,0.04694082356819452,0.018776329427277808,0.08449348242275014,0.26094273494575326,0.36353067650869053
1,0.017453941273946044,0.017453941273946044,0.043634853184865104,0.008726970636973022,0.008726970636973022,0.017453941273946044,0.0,0.05236182382183813,0.03490788254789209,0.026180911910919064,0.008726970636973022,0.008726970636973022,0.017453941273946044,0.017453941273946044,0.03490788254789209,0.03490788254789209,0.33516499278174955,0.3157561817393298
1,0.029234496308484292,0.019489664205656197,0.04872416051414049,0.019489664205656197,0.038979328411312394,0.009744832102828099,0.009744832102828099,0.029234496308484292,0.04872416051414049,0.019489664205656197,0.009744832102828099,0.019489664205656197,0.0,0.038979328411312394,0.029234496308484292,0.019489664205656197,0.3420553764312153,0.26815133945566083
1,0.009709720111953304,0.019419440223906608,0.019419440223906608,0.02912916033585991,0.009709720111953304,0.019419440223906608,0.0,0.02912916033585991,0.019419440223906608,0.019419440223906608,0.038838880447813216,0.02912916033585991,0.038838880447813216,0.0,0.04854860055976652,0.05825832067171982,0.25481580085208044,0.35679539466978744
1,0.02935262970671576,0.02935262970671576,0.019568419804477176,0.02935262970671576,0.05870525941343152,0.0,0.02935262970671576,0.03913683960895435,0.02935262970671576,0.02935262970671576,0.0,0.0,0.0,0.05870525941343152,0.009784209902238588,0.02935262970671576,0.33044338398962675,0.2781882199208296
1,0.010475519715273345,0.010475519715273345,0.02095103943054669,0.02095103943054669,0.03142655914582003,0.010475519715273345,0.010475519715273345,0.052377598576366716,0.02095103943054669,0.010475519715273345,0.02095103943054669,0.02095103943054669,0.0,0.08380415772218676,0.02095103943054669,0.0733286380069134,0.2552791093904244,0.32570010199864186
1,0.019053336400308523,0.02858000460046278,0.038106672800617046,0.019053336400308523,0.0476333410007713,0.0,0.02858000460046278,0.02858000460046278,0.02858000460046278,0.038106672800617046,0.019053336400308523,0.019053336400308523,0.009526668200154262,0.02858000460046278,0.019053336400308523,0.009526668200154262,0.3408256241154052,0.27810764787842435
1,0.011126423458332996,0.022252846916665993,0.011126423458332996,0.022252846916665993,0.011126423458332996,0.0,0.022252846916665993,0.07788496420833096,0.011126423458332996,0.011126423458332996,0.0,0.05563211729166497,0.033379270374998986,0.07788496420833096,0.033379270374998986,0.044505693833331986,0.3068984207360143,0.24804464093066592
1,0.0,0.009587560694001745,0.009587560694001745,0.05752536416401046,0.03835024277600698,0.0,0.0,0.05752536416401046,0.01917512138800349,0.009587560694001745,0.01917512138800349,0.0,0.01917512138800349,0.07670048555201396,0.009587560694001745,0.05752536416401046,0.2764790457120004,0.34001852652792963
1,0.027679963494848674,0.018453308996565786,0.009226654498282893,0.03690661799313157,0.009226654498282893,0.018453308996565786,0.027679963494848674,0.027679963494848674,0.027679963494848674,0.018453308996565786,0.009226654498282893,0.018453308996565786,0.027679963494848674,0.03690661799313157,0.027679963494848674,0.027679963494848674,0.3135653840369885,0.31736843603169573
1,0.0587585522194579,0.02937927610972895,0.02937927610972895,0.009793092036576318,0.03917236814630527,0.03917236814630527,0.0,0.02937927610972895,0.019586184073152636,0.019586184073152636,0.019586184073152636,0.019586184073152636,0.009793092036576318,0.019586184073152636,0.02937927610972895,0.019586184073152636,0.26833246378553216,0.33994385475141514
1,0.03894466673880749,0.03894466673880749,0.03894466673880749,0.03894466673880749,0.04868083342350936,0.019472333369403745,0.009736166684701873,0.009736166684701873,0.03894466673880749,0.009736166684701873,0.009736166684701873,0.009736166684701873,0.019472333369403745,0.019472333369403745,0.019472333369403745,0.019472333369403745,0.2716190585444693,0.3389342740674558
1,0.0,0.01923749987998591,0.0,0.028856249819978863,0.01923749987998591,0.028856249819978863,0.04809374969996477,0.028856249819978863,0.01923749987998591,0.01923749987998591,0.01923749987998591,0.01923749987998591,0.01923749987998591,0.04809374969996477,0.009618749939992954,0.057712499639957726,0.26986741137769515,0.34538259102258656
1,0.06660448459503172,0.01665112114875793,0.03330224229751586,0.024976681723136895,0.03330224229751586,0.008325560574378965,0.01665112114875793,0.008325560574378965,0.03330224229751586,0.01665112114875793,0.024976681723136895,0.008325560574378965,0.008325560574378965,0.01665112114875793,0.008325560574378965,0.008325560574378965,0.30979662177819645,0.3571809552466449
1,0.03666194239623549,0.009165485599058873,0.05499291359435324,0.018330971198117746,0.018330971198117746,0.0,0.009165485599058873,0.02749645679717662,0.03666194239623549,0.03666194239623549,0.02749645679717662,0.018330971198117746,0.02749645679717662,0.009165485599058873,0.02749645679717662,0.009165485599058873,0.337905254421939,0.2954753216157061
1,0.027097920952095345,0.0,0.045163201586825574,0.027097920952095345,0.0,0.0,0.0,0.009032640317365115,0.045163201586825574,0.009032640317365115,0.045163201586825574,0.027097920952095345,0.027097920952095345,0.0,0.03613056126946046,0.0632284822215558,0.28494810654116104,0.35374628076423453
1,0.044592911560475346,0.0,0.03567432924838028,0.01783716462419014,0.0,0.01783716462419014,0.0,0.01783716462419014,0.044592911560475346,0.00891858231209507,0.044592911560475346,0.01783716462419014,0.00891858231209507,0.00891858231209507,0.03567432924838028,0.05351149387257041,0.28087751046070036,0.3623791970554969
1,0.018030400859386644,0.018030400859386644,0.03606080171877329,0.045076002148466604,0.027045601289079964,0.0,0.018030400859386644,0.009015200429693322,0.06310640300785325,0.018030400859386644,0.027045601289079964,0.018030400859386644,0.009015200429693322,0.018030400859386644,0.03606080171877329,0.0,0.3392843910142262,0.30010759179804103
1,0.05236063115687556,0.06283275738825067,0.0,0.020944252462750227,0.041888504925500454,0.031416378694125335,0.0,0.041888504925500454,0.010472126231375114,0.0,0.031416378694125335,0.010472126231375114,0.031416378694125335,0.020944252462750227,0.031416378694125335,0.031416378694125335,0.22969880399575973,0.35141614674923566
1,0.05148108424907633,0.017160361416358776,0.04290090354089694,0.017160361416358776,0.03432072283271755,0.008580180708179388,0.008580180708179388,0.017160361416358776,0.025740542124538166,0.025740542124538166,0.0,0.017160361416358776,0.017160361416358776,0.025740542124538166,0.008580180708179388,0.025740542124538166,0.3041095900472887,0.35268318162553575
1,0.08427198699084737,0.009363554110094152,0.05618132466056491,0.009363554110094152,0.018727108220188304,0.009363554110094152,0.0,0.009363554110094152,0.03745421644037661,0.018727108220188304,0.028090662330282457,0.028090662330282457,0.028090662330282457,0.0,0.028090662330282457,0.009363554110094152,0.3075770327462271,0.3178808028500067
1,0.030208853454510385,0.01006961781817013,0.030208853454510385,0.030208853454510385,0.02013923563634026,0.0,0.0,0.04027847127268052,0.030208853454510385,0.02013923563634026,0.02013923563634026,0.04027847127268052,0.02013923563634026,0.02013923563634026,0.06041770690902077,0.030208853454510385,0.28053484762588543,0.3166804396473094
1,0.009078928260083507,0.009078928260083507,0.018157856520167014,0.03631571304033403,0.03631571304033403,0.009078928260083507,0.02723678478025052,0.018157856520167014,0.03631571304033403,0.018157856520167014,0.018157856520167014,0.018157856520167014,0.0,0.05447356956050104,0.02723678478025052,0.02723678478025052,0.29692384186135523,0.3399190277353045
1,0.010277688577448358,0.020555377154896717,0.020555377154896717,0.010277688577448358,0.0,0.010277688577448358,0.020555377154896717,0.030833065732345073,0.020555377154896717,0.010277688577448358,0.010277688577448358,0.0719438200421385,0.030833065732345073,0.020555377154896717,0.061666131464690147,0.061666131464690147,0.28330123918146866,0.30559121772059705
1,0.038129782245125435,0.028597336683844076,0.009532445561281359,0.028597336683844076,0.019064891122562717,0.038129782245125435,0.038129782245125435,0.028597336683844076,0.028597336683844076,0.019064891122562717,0.009532445561281359,0.009532445561281359,0.019064891122562717,0.04766222780640679,0.009532445561281359,0.009532445561281359,0.29007918241276026,0.32862299513598536
1,0.009011360357402904,0.009011360357402904,0.036045441429611615,0.06307952250182032,0.027034081072208706,0.0,0.018022720714805807,0.0,0.06307952250182032,0.009011360357402904,0.018022720714805807,0.018022720714805807,0.018022720714805807,0.027034081072208706,0.036045441429611615,0.009011360357402904,0.3442287480121274,0.29531683769175654
1,0.051538603172081816,0.03435906878138788,0.03435906878138788,0.0,0.01717953439069394,0.01717953439069394,0.00858976719534697,0.03435906878138788,0.025769301586040908,0.01717953439069394,0.00858976719534697,0.01717953439069394,0.03435906878138788,0.00858976719534697,0.00858976719534697,0.025769301586040908,0.2921363667567436,0.3642729454293775
1,0.058325178718175844,0.0388834524787839,0.029162589359087922,0.009720863119695975,0.01944172623939195,0.029162589359087922,0.009720863119695975,0.0388834524787839,0.029162589359087922,0.0,0.0,0.01944172623939195,0.029162589359087922,0.0388834524787839,0.009720863119695975,0.029162589359087922,0.2444650836567251,0.36670039155543604
1,0.028744052124555487,0.0,0.047906753540925814,0.028744052124555487,0.038325402832740656,0.0,0.0,0.009581350708185164,0.028744052124555487,0.019162701416370328,0.047906753540925814,0.019162701416370328,0.009581350708185164,0.038325402832740656,0.019162701416370328,0.047906753540925814,0.29052091334845837,0.3262250583241351
1,0.08025546481853184,0.01003193310231648,0.02006386620463296,0.02006386620463296,0.0,0.030095799306949438,0.02006386620463296,0.02006386620463296,0.030095799306949438,0.02006386620463296,0.02006386620463296,0.030095799306949438,0.01003193310231648,0.01003193310231648,0.04012773240926592,0.04012773240926592,0.288879356153415,0.30984331975392587
1,0.030089549643360115,0.02005969976224008,0.030089549643360115,0.030089549643360115,0.01002984988112004,0.0,0.0,0.04011939952448016,0.030089549643360115,0.01002984988112004,0.0,0.04011939952448016,0.05014924940560019,0.02005969976224008,0.05014924940560019,0.04011939952448016,0.3088194563087068,0.28998654844649163
1,0.02700367590262445,0.009001225300874818,0.018002450601749636,0.02700367590262445,0.018002450601749636,0.02700367590262445,0.018002450601749636,0.018002450601749636,0.009001225300874818,0.03600490120349927,0.009001225300874818,0.03600490120349927,0.02700367590262445,0.009001225300874818,0.0540073518052489,0.018002450601749636,0.2884523318366996,0.3514986561283077
1,0.0,0.010604847583718416,0.021209695167436832,0.0,0.021209695167436832,0.03181454275115524,0.03181454275115524,0.06362908550231049,0.0,0.05302423791859208,0.0,0.05302423791859208,0.010604847583718416,0.05302423791859208,0.05302423791859208,0.021209695167436832,0.32602576748626744,0.24978032916499598
1,0.0400146557722905,0.03001099182921787,0.0,0.050018319715363115,0.050018319715363115,0.010003663943072625,0.03001099182921787,0.010003663943072625,0.03001099182921787,0.010003663943072625,0.02000732788614525,0.03001099182921787,0.0,0.050018319715363115,0.0400146557722905,0.0,0.3044086133387671,0.29544482893832785
1,0.04471142904234787,0.01788457161693915,0.04471142904234787,0.02682685742540872,0.01788457161693915,0.0,0.008942285808469575,0.008942285808469575,0.04471142904234787,0.008942285808469575,0.0357691432338783,0.01788457161693915,0.02682685742540872,0.008942285808469575,0.01788457161693915,0.02682685742540872,0.3106268122706753,0.3316817553905418
1,0.009917924714243064,0.009917924714243064,0.04958962357121532,0.009917924714243064,0.009917924714243064,0.0,0.019835849428486128,0.05950754828545838,0.02975377414272919,0.02975377414272919,0.039671698856972255,0.02975377414272919,0.02975377414272919,0.039671698856972255,0.02975377414272919,0.0,0.3261214476851785,0.27716156374509904
1,0.026657614367507968,0.01777174291167198,0.026657614367507968,0.00888587145583599,0.00888587145583599,0.00888587145583599,0.0,0.053315228735015936,0.03554348582334396,0.026657614367507968,0.026657614367507968,0.01777174291167198,0.00888587145583599,0.00888587145583599,0.06220110019085192,0.01777174291167198,0.31988375761180476,0.32468138415475567
1,0.029969910561228746,0.039959880748305,0.0199799403741525,0.029969910561228746,0.0199799403741525,0.029969910561228746,0.00998997018707625,0.04994985093538124,0.029969910561228746,0.00998997018707625,0.0199799403741525,0.00998997018707625,0.029969910561228746,0.039959880748305,0.0199799403741525,0.00998997018707625,0.29623524342916163,0.30416594908778827
1,0.03301263974454785,0.024759479808410884,0.008253159936136963,0.008253159936136963,0.008253159936136963,0.024759479808410884,0.057772119552958724,0.016506319872273925,0.041265799680684806,0.03301263974454785,0.03301263974454785,0.0,0.0,0.016506319872273925,0.008253159936136963,0.016506319872273925,0.3353560779180048,0.33451752463651674
1,0.03130363280380586,0.06260726560761172,0.03130363280380586,0.020869088535870575,0.09391089841141757,0.010434544267935287,0.0,0.05217272133967643,0.0,0.04173817707174115,0.010434544267935287,0.0,0.020869088535870575,0.03130363280380586,0.010434544267935287,0.0,0.27952682289547837,0.30309140638711013
1,0.04150270806565835,0.020751354032829177,0.03112703104924376,0.04150270806565835,0.03112703104924376,0.0,0.010375677016414588,0.010375677016414588,0.03112703104924376,0.010375677016414588,0.020751354032829177,0.03112703104924376,0.04150270806565835,0.020751354032829177,0.03112703104924376,0.04150270806565835,0.31248767029562086,0.2724852490477956
1,0.020141343960065655,0.020141343960065655,0.03021201594009848,0.020141343960065655,0.0,0.0,0.03021201594009848,0.03021201594009848,0.04028268792013131,0.020141343960065655,0.020141343960065655,0.03021201594009848,0.04028268792013131,0.020141343960065655,0.020141343960065655,0.06042403188019696,0.3133328073666443,0.28384031343204275
1,0.04492353385116338,0.017969413540465353,0.026954120310698024,0.017969413540465353,0.026954120310698024,0.017969413540465353,0.008984706770232677,0.017969413540465353,0.008984706770232677,0.026954120310698024,0.026954120310698024,0.017969413540465353,0.017969413540465353,0.017969413540465353,0.017969413540465353,0.04492353385116338,0.2698084620270207,0.3708032671636724
1,0.04558431657664243,0.04558431657664243,0.011396079144160607,0.05698039572080303,0.04558431657664243,0.03418823743248182,0.0,0.03418823743248182,0.011396079144160607,0.0,0.011396079144160607,0.022792158288321214,0.04558431657664243,0.04558431657664243,0.022792158288321214,0.022792158288321214,0.23711473224300322,0.30704210199057247
1,0.010348157130907556,0.031044471392722667,0.010348157130907556,0.010348157130907556,0.010348157130907556,0.0,0.04139262852363022,0.05174078565453778,0.010348157130907556,0.031044471392722667,0.0,0.062088942785445335,0.02069631426181511,0.04139262852363022,0.05174078565453778,0.031044471392722667,0.3202666056615165,0.2658071091021813
1,0.01920999667708508,0.00960499833854254,0.03841999335417016,0.03841999335417016,0.00960499833854254,0.00960499833854254,0.03841999335417016,0.00960499833854254,0.057629990031255234,0.01920999667708508,0.048024991692712696,0.00960499833854254,0.01920999667708508,0.03841999335417016,0.00960499833854254,0.00960499833854254,0.34925052959623865,0.26654953686205973
1,0.01935227029686769,0.029028405445301535,0.0,0.03870454059373538,0.01935227029686769,0.01935227029686769,0.01935227029686769,0.04838067574216923,0.03870454059373538,0.0,0.029028405445301535,0.009676135148433846,0.009676135148433846,0.05805681089060307,0.029028405445301535,0.01935227029686769,0.31200030416993874,0.30095428989270745
1,0.07249085081135508,0.0,0.04530678175709692,0.01812271270283877,0.01812271270283877,0.009061356351419384,0.0,0.01812271270283877,0.04530678175709692,0.009061356351419384,0.027184069054258148,0.027184069054258148,0.009061356351419384,0.027184069054258148,0.027184069054258148,0.009061356351419384,0.3194762212807375,0.31806952466248734
1,0.020718085806820583,0.010359042903410292,0.051795214517051456,0.041436171613641166,0.010359042903410292,0.0,0.0,0.010359042903410292,0.041436171613641166,0.010359042903410292,0.010359042903410292,0.020718085806820583,0.051795214517051456,0.0,0.020718085806820583,0.11394947193751322,0.29935098473845456,0.2862872991251338
1,0.0205620857537754,0.0,0.0411241715075508,0.0205620857537754,0.0205620857537754,0.0308431286306631,0.0102810428768877,0.0,0.0102810428768877,0.0205620857537754,0.0411241715075508,0.0719673001382139,0.0205620857537754,0.0102810428768877,0.0616862572613262,0.0308431286306631,0.2697628018989228,0.31899548302556907
1,0.07375603645928928,0.03278046064857302,0.01639023032428651,0.008195115162143255,0.01639023032428651,0.03278046064857302,0.01639023032428651,0.01639023032428651,0.04097557581071627,0.01639023032428651,0.008195115162143255,0.008195115162143255,0.0,0.0,0.02458534548642976,0.01639023032428651,0.3211007059217528,0.3510946875925171
1,0.011238754775469055,0.02247750955093811,0.03371626432640717,0.02247750955093811,0.011238754775469055,0.02247750955093811,0.03371626432640717,0.03371626432640717,0.03371626432640717,0.0,0.02247750955093811,0.06743252865281434,0.02247750955093811,0.056193773877345275,0.03371626432640717,0.02247750955093811,0.31346932495954777,0.2369804840216899
1,0.009598989721493765,0.01919797944298753,0.009598989721493765,0.03839595888597506,0.02879696916448129,0.04799494860746882,0.01919797944298753,0.009598989721493765,0.02879696916448129,0.009598989721493765,0.009598989721493765,0.02879696916448129,0.009598989721493765,0.02879696916448129,0.03839595888597506,0.04799494860746882,0.2701497446430107,0.34589066649723876
1,0.011577493964728134,0.034732481894184396,0.0,0.023154987929456267,0.046309975858912535,0.06946496378836879,0.023154987929456267,0.057887469823640667,0.011577493964728134,0.0,0.0,0.023154987929456267,0.0,0.08104245775309693,0.011577493964728134,0.06946496378836879,0.23556967657765837,0.3013305648332162
1,0.019073993094764135,0.019073993094764135,0.0286109896421462,0.0286109896421462,0.03814798618952827,0.019073993094764135,0.009536996547382067,0.009536996547382067,0.0286109896421462,0.019073993094764135,0.04768498273691034,0.0286109896421462,0.009536996547382067,0.009536996547382067,0.04768498273691034,0.019073993094764135,0.27610662250765267,0.3424135155970646
1,0.026781576885032115,0.008927192295010706,0.03570876918004282,0.044635961475053526,0.026781576885032115,0.008927192295010706,0.008927192295010706,0.01785438459002141,0.044635961475053526,0.01785438459002141,0.01785438459002141,0.008927192295010706,0.01785438459002141,0.026781576885032115,0.01785438459002141,0.026781576885032115,0.33048210962130525,0.31243019857826665
1,0.04589554130365017,0.0,0.06425375782511024,0.0,0.01835821652146007,0.009179108260730035,0.0,0.01835821652146007,0.027537324782190103,0.009179108260730035,0.03671643304292014,0.03671643304292014,0.009179108260730035,0.027537324782190103,0.009179108260730035,0.055074649564380206,0.2796294586346279,0.3532062109361706
1,0.02093841191534754,0.02093841191534754,0.0,0.05234602978836885,0.03140761787302131,0.0,0.01046920595767377,0.07328444170371638,0.03140761787302131,0.0,0.01046920595767377,0.0,0.01046920595767377,0.08375364766139017,0.02093841191534754,0.05234602978836885,0.29119194652947605,0.29003981516357313
1,0.053136044819681254,0.026568022409840627,0.01771201493989375,0.026568022409840627,0.01771201493989375,0.026568022409840627,0.026568022409840627,0.008856007469946876,0.053136044819681254,0.0,0.0,0.01771201493989375,0.0,0.026568022409840627,0.026568022409840627,0.026568022409840627,0.2936056497113837,0.3521540514907413
1,0.03619753247176308,0.01809876623588154,0.01809876623588154,0.01809876623588154,0.03619753247176308,0.00904938311794077,0.01809876623588154,0.027148149353822305,0.01809876623588154,0.01809876623588154,0.00904938311794077,0.027148149353822305,0.0,0.05429629870764461,0.027148149353822305,0.027148149353822305,0.30858587798153886,0.32943879730083037
1,0.018824757826468523,0.0,0.02823713673970278,0.02823713673970278,0.018824757826468523,0.0,0.0,0.018824757826468523,0.02823713673970278,0.009412378913234262,0.018824757826468523,0.037649515652937046,0.009412378913234262,0.037649515652937046,0.047061894566171304,0.07529903130587409,0.28550082918941017,0.33800401428121934
1,0.050349289548733786,0.06293661193591724,0.037761967161550336,0.0,0.050349289548733786,0.050349289548733786,0.012587322387183447,0.037761967161550336,0.050349289548733786,0.0,0.0,0.037761967161550336,0.012587322387183447,0.037761967161550336,0.037761967161550336,0.025174644774366893,0.23272634983873863,0.26378075467392353
1,0.0,0.009375520137981931,0.02812656041394579,0.02812656041394579,0.02812656041394579,0.05625312082789158,0.018751040275963863,0.037502080551927726,0.02812656041394579,0.018751040275963863,0.0,0.009375520137981931,0.009375520137981931,0.046877600689909656,0.018751040275963863,0.037502080551927726,0.30560427210859387,0.31937492237212894
1,0.00977934763887811,0.00977934763887811,0.01955869527775622,0.01955869527775622,0.0,0.0,0.00977934763887811,0.03911739055551244,0.029338042916634326,0.00977934763887811,0.03911739055551244,0.04889673819439055,0.01955869527775622,0.029338042916634326,0.05867608583326865,0.04889673819439055,0.2934548808216374,0.3153712136232383
1,0.060489382648396026,0.030244691324198013,0.010081563774732672,0.04032625509893069,0.0705709464231287,0.030244691324198013,0.0,0.04032625509893069,0.0,0.010081563774732672,0.0,0.0,0.0,0.08065251019786138,0.0,0.030244691324198013,0.24354342543575985,0.3531940235749333
1,0.010260974220546846,0.0,0.04104389688218738,0.010260974220546846,0.03078292266164053,0.010260974220546846,0.010260974220546846,0.010260974220546846,0.02052194844109369,0.010260974220546846,0.04104389688218738,0.05130487110273422,0.0,0.05130487110273422,0.03078292266164053,0.08208779376437476,0.2833048513334737,0.30625617984465237
1,0.0,0.01790521580724735,0.0358104316144947,0.01790521580724735,0.02685782371087102,0.008952607903623675,0.0358104316144947,0.008952607903623675,0.02685782371087102,0.0358104316144947,0.008952607903623675,0.02685782371087102,0.008952607903623675,0.01790521580724735,0.02685782371087102,0.05371564742174204,0.33736604209903776,0.30452964175601516
1,0.06930954858651078,0.019802728167574512,0.029704092251361763,0.029704092251361763,0.0,0.0,0.0,0.029704092251361763,0.049506820418936275,0.0,0.019802728167574512,0.029704092251361763,0.029704092251361763,0.009901364083787256,0.049506820418936275,0.029704092251361763,0.295087644046567,0.3088577926019426
1,0.0611436816832158,0.0,0.00873481166903083,0.026204435007092488,0.00873481166903083,0.00873481166903083,0.0,0.026204435007092488,0.026204435007092488,0.01746962333806166,0.01746962333806166,0.03493924667612332,0.00873481166903083,0.01746962333806166,0.0611436816832158,0.026204435007092488,0.28559575722771363,0.3650117760110533
1,0.029405901594834558,0.029405901594834558,0.019603934396556374,0.019603934396556374,0.019603934396556374,0.0,0.009801967198278187,0.029405901594834558,0.029405901594834558,0.009801967198278187,0.029405901594834558,0.049009835991390936,0.029405901594834558,0.009801967198278187,0.058811803189669117,0.019603934396556374,0.3039118062323048,0.30400950583656755
1,0.01882750212305773,0.009413751061528865,0.01882750212305773,0.01882750212305773,0.009413751061528865,0.028241253184586593,0.0,0.028241253184586593,0.028241253184586593,0.01882750212305773,0.047068755307644324,0.028241253184586593,0.01882750212305773,0.009413751061528865,0.047068755307644324,0.047068755307644324,0.24476375015503263,0.3786862073838127
1,0.0,0.009811486072922124,0.0392459442916885,0.0392459442916885,0.01962297214584425,0.0,0.01962297214584425,0.01962297214584425,0.0392459442916885,0.01962297214584425,0.01962297214584425,0.029434458218766366,0.029434458218766366,0.0392459442916885,0.01962297214584425,0.04905743036461061,0.33906777769315694,0.26847277938995817
1,0.0465900285603699,0.00931800571207398,0.0465900285603699,0.0,0.01863601142414796,0.03727202284829592,0.0,0.03727202284829592,0.03727202284829592,0.01863601142414796,0.02795401713622194,0.02795401713622194,0.00931800571207398,0.02795401713622194,0.02795401713622194,0.0,0.2893922601833726,0.3378875113336681
1,0.0,0.020875888002282343,0.010437944001141172,0.041751776004564686,0.020875888002282343,0.03131383200342351,0.03131383200342351,0.020875888002282343,0.020875888002282343,0.0,0.020875888002282343,0.03131383200342351,0.03131383200342351,0.052189720005705854,0.010437944001141172,0.07306560800798818,0.2736832627070547,0.3087989772472984
1,0.020059163145865658,0.010029581572932829,0.030088744718798487,0.06017748943759697,0.040118326291731315,0.010029581572932829,0.0,0.010029581572932829,0.020059163145865658,0.010029581572932829,0.050147907864664144,0.020059163145865658,0.040118326291731315,0.030088744718798487,0.020059163145865658,0.030088744718798487,0.27075267823898186,0.328064058843705
1,0.021662081389695772,0.010831040694847886,0.010831040694847886,0.032493122084543656,0.010831040694847886,0.043324162779391544,0.0,0.043324162779391544,0.010831040694847886,0.010831040694847886,0.054155203474239424,0.021662081389695772,0.032493122084543656,0.032493122084543656,0.021662081389695772,0.07581728486393519,0.22734518015169855,0.3394131920543861
1,0.0,0.028892934615871644,0.0,0.028892934615871644,0.028892934615871644,0.009630978205290549,0.028892934615871644,0.04815489102645274,0.009630978205290549,0.038523912821162194,0.009630978205290549,0.009630978205290549,0.019261956410581097,0.038523912821162194,0.019261956410581097,0.06741684743703384,0.31772939710639514,0.2970314746819831
1,0.019642806027301726,0.019642806027301726,0.03928561205460345,0.019642806027301726,0.019642806027301726,0.0,0.019642806027301726,0.0,0.06874982109555604,0.009821403013650863,0.04910701506825431,0.04910701506825431,0.0,0.009821403013650863,0.05892841808190517,0.009821403013650863,0.3227793976378454,0.28436448181612023
1,0.04135787318330784,0.031018404887480876,0.031018404887480876,0.0,0.01033946829582696,0.01033946829582696,0.031018404887480876,0.02067893659165392,0.02067893659165392,0.01033946829582696,0.04135787318330784,0.06203680977496175,0.02067893659165392,0.02067893659165392,0.031018404887480876,0.031018404887480876,0.2864876360231802,0.2999336321437414
1,0.07941787924878808,0.02978170471829553,0.03970893962439404,0.01985446981219702,0.05956340943659106,0.00992723490609851,0.0,0.02978170471829553,0.01985446981219702,0.00992723490609851,0.0,0.00992723490609851,0.00992723490609851,0.04963617453049255,0.0,0.02978170471829553,0.26028451103540784,0.34262609272065175
1,0.05357909396461586,0.01785969798820529,0.02678954698230793,0.01785969798820529,0.008929848994102645,0.01785969798820529,0.008929848994102645,0.02678954698230793,0.03571939597641058,0.0,0.008929848994102645,0.02678954698230793,0.008929848994102645,0.02678954698230793,0.02678954698230793,0.044649244970513216,0.2855003184553474,0.35730572178054687
1,0.01827650261727982,0.00913825130863991,0.02741475392591973,0.01827650261727982,0.00913825130863991,0.00913825130863991,0.02741475392591973,0.02741475392591973,0.03655300523455964,0.03655300523455964,0.01827650261727982,0.02741475392591973,0.00913825130863991,0.01827650261727982,0.045691256543199554,0.02741475392591973,0.35550858717346323,0.2789613604809404
1,0.05106728592146791,0.017022428640489307,0.025533642960733956,0.03404485728097861,0.017022428640489307,0.017022428640489307,0.008511214320244653,0.008511214320244653,0.05106728592146791,0.017022428640489307,0.03404485728097861,0.008511214320244653,0.0,0.0,0.04255607160122326,0.008511214320244653,0.29379819342392605,0.36575323376628793
1,0.016991708001500905,0.008495854000750452,0.03398341600300181,0.04247927000375226,0.008495854000750452,0.0,0.0,0.008495854000750452,0.06796683200600362,0.0,0.050975124004502714,0.025487562002251357,0.008495854000750452,0.008495854000750452,0.050975124004502714,0.008495854000750452,0.31474688706095,0.3454189529090318
1,0.0463274978536809,0.01853099914147236,0.027796498712208538,0.027796498712208538,0.01853099914147236,0.0,0.00926549957073618,0.027796498712208538,0.027796498712208538,0.01853099914147236,0.01853099914147236,0.027796498712208538,0.027796498712208538,0.027796498712208538,0.027796498712208538,0.01853099914147236,0.2925678405721543,0.33681217659839846
1,0.051595431750031576,0.030957259050018945,0.02063817270001263,0.051595431750031576,0.030957259050018945,0.010319086350006315,0.02063817270001263,0.030957259050018945,0.02063817270001263,0.0,0.0,0.02063817270001263,0.04127634540002526,0.051595431750031576,0.0,0.030957259050018945,0.28282825167535797,0.30440829432438943
1,0.05278987406464055,0.0,0.01759662468821352,0.03519324937642704,0.01759662468821352,0.0,0.0,0.01759662468821352,0.026394937032320275,0.026394937032320275,0.03519324937642704,0.01759662468821352,0.01759662468821352,0.00879831234410676,0.0439915617205338,0.03519324937642704,0.2781280589539829,0.36993944728174666
1,0.02677946311709853,0.008926487705699511,0.02677946311709853,0.035705950822798045,0.017852975411399023,0.017852975411399023,0.008926487705699511,0.017852975411399023,0.017852975411399023,0.02677946311709853,0.017852975411399023,0.02677946311709853,0.02677946311709853,0.008926487705699511,0.04463243852849755,0.02677946311709853,0.27090153558382146,0.3720389561881981
1,0.008823739012483862,0.0,0.05294243407490317,0.017647478024967723,0.008823739012483862,0.0,0.026471217037451585,0.017647478024967723,0.05294243407490317,0.026471217037451585,0.026471217037451585,0.017647478024967723,0.017647478024967723,0.026471217037451585,0.008823739012483862,0.04411869506241931,0.3369995111952563,0.3100509283053892
1,0.018551100880646612,0.018551100880646612,0.027826651320969915,0.018551100880646612,0.018551100880646612,0.027826651320969915,0.018551100880646612,0.027826651320969915,0.037102201761293224,0.027826651320969915,0.04637775220161652,0.018551100880646612,0.009275550440323306,0.018551100880646612,0.027826651320969915,0.009275550440323306,0.3092028278855841,0.31977515450148364
1,0.019392188802230727,0.019392188802230727,0.029088283203346086,0.05817656640669217,0.038784377604461455,0.0,0.0,0.0,0.029088283203346086,0.009696094401115364,0.029088283203346086,0.019392188802230727,0.038784377604461455,0.009696094401115364,0.029088283203346086,0.05817656640669217,0.27020076654947434,0.34195545740591105
1,0.036749653485456286,0.018374826742728143,0.036749653485456286,0.018374826742728143,0.018374826742728143,0.02756224011409221,0.018374826742728143,0.02756224011409221,0.05512448022818442,0.009187413371364072,0.02756224011409221,0.0,0.009187413371364072,0.02756224011409221,0.009187413371364072,0.02756224011409221,0.2976486355050224,0.33485482964041474
1,0.01757007582594997,0.01757007582594997,0.01757007582594997,0.01757007582594997,0.01757007582594997,0.01757007582594997,0.01757007582594997,0.052710227477849904,0.008785037912974985,0.04392518956487492,0.0,0.01757007582594997,0.01757007582594997,0.03514015165189994,0.03514015165189994,0.01757007582594997,0.3308659278683026,0.317732555612698
1,0.039603106747576604,0.039603106747576604,0.019801553373788302,0.039603106747576604,0.0594046601213649,0.019801553373788302,0.0,0.019801553373788302,0.019801553373788302,0.019801553373788302,0.019801553373788302,0.009900776686894151,0.019801553373788302,0.019801553373788302,0.02970233006068245,0.019801553373788302,0.2715806296577529,0.3323883028664809
1,0.03512169920639957,0.008780424801599893,0.05268254880959935,0.026341274404799674,0.05268254880959935,0.008780424801599893,0.0,0.0,0.017560849603199785,0.043902124007999456,0.043902124007999456,0.017560849603199785,0.017560849603199785,0.0,0.026341274404799674,0.0,0.26764247132369556,0.3811405366123087
1,0.027588915763097074,0.018392610508731384,0.03678522101746277,0.027588915763097074,0.027588915763097074,0.0,0.0,0.03678522101746277,0.03678522101746277,0.018392610508731384,0.0,0.009196305254365692,0.018392610508731384,0.027588915763097074,0.03678522101746277,0.04598152627182846,0.3055292918316544,0.326618497993718
1,0.054038812766294665,0.009006468794382445,0.027019406383147333,0.01801293758876489,0.027019406383147333,0.0,0.009006468794382445,0.027019406383147333,0.009006468794382445,0.03602587517752978,0.027019406383147333,0.01801293758876489,0.01801293758876489,0.01801293758876489,0.027019406383147333,0.03602587517752978,0.29515504067997145,0.3445862075447306
1,0.09121827171528704,0.01658514031187037,0.05804799109154629,0.008292570155935186,0.008292570155935186,0.008292570155935186,0.01658514031187037,0.008292570155935186,0.05804799109154629,0.008292570155935186,0.024877710467805556,0.008292570155935186,0.01658514031187037,0.0,0.0,0.0,0.31679150014181223,0.3515056936207803
1,0.0183995730373492,0.0183995730373492,0.027599359556023797,0.0,0.027599359556023797,0.027599359556023797,0.0367991460746984,0.0183995730373492,0.0091997865186746,0.045998932593372996,0.055198719112047594,0.027599359556023797,0.0091997865186746,0.0183995730373492,0.0183995730373492,0.0091997865186746,0.3223718485617259,0.30963669069129013
1,0.03181715244765453,0.03181715244765453,0.0,0.0,0.010605717482551512,0.0,0.042422869930206046,0.03181715244765453,0.0,0.03181715244765453,0.042422869930206046,0.05302858741275755,0.021211434965103023,0.021211434965103023,0.042422869930206046,0.06363430489530907,0.2758126077644178,0.2999586929335218
1,0.06369921244034038,0.02729966247443159,0.018199774982954393,0.0,0.02729966247443159,0.04549943745738599,0.018199774982954393,0.03639954996590879,0.009099887491477197,0.02729966247443159,0.0,0.018199774982954393,0.009099887491477197,0.03639954996590879,0.018199774982954393,0.009099887491477197,0.28375458428129796,0.35224991605961425
1,0.06758687980648558,0.028965805631350965,0.028965805631350965,0.03862107417513462,0.01931053708756731,0.0,0.009655268543783655,0.01931053708756731,0.03862107417513462,0.009655268543783655,0.01931053708756731,0.0,0.03862107417513462,0.01931053708756731,0.009655268543783655,0.03862107417513462,0.28048478264654175,0.33330447560211224
1,0.03777509362334316,0.028331320217507366,0.01888754681167158,0.028331320217507366,0.04721886702917895,0.01888754681167158,0.0,0.03777509362334316,0.028331320217507366,0.01888754681167158,0.028331320217507366,0.0,0.00944377340583579,0.028331320217507366,0.028331320217507366,0.01888754681167158,0.2681448528370415,0.3541042109295268
1,0.009528953622930457,0.03811581449172183,0.028586860868791367,0.009528953622930457,0.0,0.028586860868791367,0.03811581449172183,0.019057907245860914,0.04764476811465228,0.009528953622930457,0.028586860868791367,0.028586860868791367,0.03811581449172183,0.0,0.019057907245860914,0.03811581449172183,0.30226787723418125,0.3165739778486006
1,0.01826555387751554,0.03653110775503108,0.01826555387751554,0.03653110775503108,0.01826555387751554,0.027398330816273304,0.03653110775503108,0.00913277693875777,0.03653110775503108,0.01826555387751554,0.01826555387751554,0.01826555387751554,0.027398330816273304,0.00913277693875777,0.027398330816273304,0.00913277693875777,0.2937588492369949,0.34093007321269425
1,0.02717175575223919,0.0,0.045286259587065315,0.01811450383482613,0.02717175575223919,0.0,0.0,0.02717175575223919,0.01811450383482613,0.03622900766965226,0.03622900766965226,0.03622900766965226,0.01811450383482613,0.01811450383482613,0.03622900766965226,0.01811450383482613,0.2936471459469337,0.3440627773565437
1,0.0360612254935056,0.0360612254935056,0.0180306127467528,0.0180306127467528,0.04507653186688199,0.0090153063733764,0.027045919120129196,0.027045919120129196,0.0180306127467528,0.0360612254935056,0.0360612254935056,0.0,0.0090153063733764,0.027045919120129196,0.0090153063733764,0.0090153063733764,0.3106415416258295,0.3287462034391145
1,0.044373766567509444,0.01774950662700378,0.026624259940505667,0.03549901325400756,0.01774950662700378,0.01774950662700378,0.00887475331350189,0.01774950662700378,0.044373766567509444,0.026624259940505667,0.01774950662700378,0.00887475331350189,0.00887475331350189,0.00887475331350189,0.044373766567509444,0.00887475331350189,0.3181548652636641,0.32685500219626035
1,0.055376430432165696,0.03322585825929941,0.03322585825929941,0.022150572172866277,0.044301144345732554,0.011075286086433139,0.011075286086433139,0.03322585825929941,0.011075286086433139,0.0,0.011075286086433139,0.044301144345732554,0.03322585825929941,0.044301144345732554,0.011075286086433139,0.044301144345732554,0.2709390311216555,0.28604952542101875
1,0.07492992653532438,0.0,0.06660437914251055,0.0,0.008325547392813819,0.0,0.0,0.0,0.04995328435688291,0.008325547392813819,0.04995328435688291,0.024976642178441456,0.016651094785627638,0.0,0.016651094785627638,0.016651094785627638,0.29437735161816214,0.37260075266928516
1,0.05398570333559328,0.010797140667118656,0.02159428133423731,0.02159428133423731,0.010797140667118656,0.04318856266847462,0.010797140667118656,0.07557998466983058,0.02159428133423731,0.010797140667118656,0.0,0.0,0.02159428133423731,0.07557998466983058,0.010797140667118656,0.04318856266847462,0.2853574729372516,0.28275690037800194
1,0.0100305289948868,0.0300915869846604,0.0100305289948868,0.0300915869846604,0.050152644974433995,0.0200610579897736,0.0,0.0401221159795472,0.0,0.0300915869846604,0.0300915869846604,0.0200610579897736,0.0200610579897736,0.0300915869846604,0.0401221159795472,0.0401221159795472,0.25153951687785453,0.3472393233266735
1,0.029113242288220362,0.029113242288220362,0.01940882819214691,0.048522070480367274,0.048522070480367274,0.029113242288220362,0.01940882819214691,0.0,0.03881765638429382,0.0,0.0,0.01940882819214691,0.0,0.03881765638429382,0.01940882819214691,0.048522070480367274,0.27859424205379596,0.3332291941032659
1,0.009441781818103411,0.037767127272413645,0.018883563636206822,0.02832534545431023,0.037767127272413645,0.0,0.018883563636206822,0.009441781818103411,0.037767127272413645,0.018883563636206822,0.04720890909051705,0.02832534545431023,0.009441781818103411,0.009441781818103411,0.04720890909051705,0.018883563636206822,0.3081969500688015,0.31413177720706226
1,0.03110180912789935,0.041469078837199136,0.03110180912789935,0.0,0.041469078837199136,0.020734539418599568,0.05183634854649891,0.010367269709299784,0.020734539418599568,0.020734539418599568,0.03110180912789935,0.05183634854649891,0.010367269709299784,0.03110180912789935,0.010367269709299784,0.010367269709299784,0.2808250133118932,0.30448419831611545
1,0.02237343692412738,0.04474687384825476,0.01118671846206369,0.02237343692412738,0.033560155386191066,0.033560155386191066,0.01118671846206369,0.06712031077238213,0.0,0.01118671846206369,0.02237343692412738,0.02237343692412738,0.04474687384825476,0.05593359231031845,0.01118671846206369,0.033560155386191066,0.24553502724877382,0.30699623426867845
1,0.06229835081738352,0.02669929320745008,0.02669929320745008,0.00889976440248336,0.00889976440248336,0.00889976440248336,0.01779952880496672,0.00889976440248336,0.05339858641490016,0.00889976440248336,0.01779952880496672,0.02669929320745008,0.00889976440248336,0.0,0.03559905760993344,0.03559905760993344,0.31653479417563046,0.3274746297250351
1,0.03584307792852081,0.044803847410651014,0.026882308446390606,0.017921538964260405,0.017921538964260405,0.0,0.03584307792852081,0.017921538964260405,0.03584307792852081,0.017921538964260405,0.017921538964260405,0.017921538964260405,0.03584307792852081,0.0,0.008960769482130202,0.026882308446390606,0.30465987936822697,0.3369093413465651
1,0.04471373783966572,0.01788549513586629,0.03577099027173258,0.03577099027173258,0.04471373783966572,0.026828242703799434,0.0,0.01788549513586629,0.026828242703799434,0.026828242703799434,0.0,0.008942747567933146,0.008942747567933146,0.01788549513586629,0.026828242703799434,0.01788549513586629,0.30433911316322615,0.337950984119448
1,0.02873958707576805,0.0191597247171787,0.02873958707576805,0.02873958707576805,0.0191597247171787,0.00957986235858935,0.02873958707576805,0.00957986235858935,0.02873958707576805,0.0191597247171787,0.00957986235858935,0.0383194494343574,0.02873958707576805,0.02873958707576805,0.02873958707576805,0.02873958707576805,0.3156045113131633,0.3012009943432627
1,0.05616672651295313,0.0,0.024071454219837057,0.024071454219837057,0.00802381807327902,0.01604763614655804,0.01604763614655804,0.024071454219837057,0.0401190903663951,0.024071454219837057,0.01604763614655804,0.00802381807327902,0.0,0.01604763614655804,0.03209527229311608,0.01604763614655804,0.31832786517730205,0.3607194118915372
1,0.0,0.027149837533012127,0.027149837533012127,0.009049945844337376,0.018099891688674753,0.009049945844337376,0.018099891688674753,0.036199783377349505,0.027149837533012127,0.036199783377349505,0.009049945844337376,0.036199783377349505,0.009049945844337376,0.009049945844337376,0.06334962091036163,0.027149837533012127,0.3210583436920627,0.31694382253444237
1,0.03843297939745856,0.0,0.00960824484936464,0.05764946909618783,0.01921648969872928,0.00960824484936464,0.03843297939745856,0.00960824484936464,0.048041224246823194,0.00960824484936464,0.01921648969872928,0.028824734548093915,0.0,0.048041224246823194,0.03843297939745856,0.00960824484936464,0.34700820639558755,0.2686619996298269
1,0.052221003410543435,0.03133260204632606,0.010444200682108688,0.03133260204632606,0.020888401364217376,0.010444200682108688,0.010444200682108688,0.010444200682108688,0.010444200682108688,0.010444200682108688,0.020888401364217376,0.03133260204632606,0.04177680272843475,0.0,0.04177680272843475,0.0835536054568695,0.23545970004582661,0.34677227266982585
1,0.019048173758579773,0.03809634751715955,0.009524086879289887,0.03809634751715955,0.02857226063786966,0.0,0.02857226063786966,0.02857226063786966,0.02857226063786966,0.019048173758579773,0.019048173758579773,0.019048173758579773,0.02857226063786966,0.02857226063786966,0.02857226063786966,0.019048173758579773,0.30100903564688447,0.3180274891815202
1,0.012523104258933222,0.03756931277679967,0.012523104258933222,0.025046208517866445,0.012523104258933222,0.025046208517866445,0.0,0.08766172981253255,0.012523104258933222,0.0,0.012523104258933222,0.0626155212946661,0.03756931277679967,0.0626155212946661,0.0626155212946661,0.03756931277679967,0.2479421577656556,0.2511336718770154
1,0.008256643444520028,0.008256643444520028,0.0,0.04128321722260014,0.02476993033356008,0.008256643444520028,0.016513286889040055,0.02476993033356008,0.016513286889040055,0.02476993033356008,0.016513286889040055,0.016513286889040055,0.0,0.03302657377808011,0.04128321722260014,0.04953986066712016,0.2890571462957256,0.38067711592347325
1,0.032765931817324304,0.008191482954331076,0.05734038068031752,0.008191482954331076,0.008191482954331076,0.008191482954331076,0.016382965908662152,0.032765931817324304,0.040957414771655376,0.032765931817324304,0.024574448862993224,0.008191482954331076,0.016382965908662152,0.016382965908662152,0.008191482954331076,0.008191482954331076,0.35381166627663657,0.3185290155501204
1,0.0259090434493674,0.008636347816455801,0.06909078253164641,0.017272695632911603,0.0,0.008636347816455801,0.008636347816455801,0.0,0.09499982598101382,0.0,0.034545391265823205,0.017272695632911603,0.0,0.008636347816455801,0.0259090434493674,0.0259090434493674,0.36162677704662977,0.29291931029513807
1,0.020777013190026117,0.03116551978503917,0.041554026380052234,0.03116551978503917,0.06233103957007834,0.03116551978503917,0.0,0.010388506595013058,0.010388506595013058,0.020777013190026117,0.010388506595013058,0.041554026380052234,0.020777013190026117,0.020777013190026117,0.041554026380052234,0.020777013190026117,0.2524870862473518,0.3319726499521258
1,0.053791351727685385,0.01793045057589513,0.03586090115179026,0.008965225287947565,0.03586090115179026,0.008965225287947565,0.008965225287947565,0.026895675863842693,0.01793045057589513,0.03586090115179026,0.01793045057589513,0.01793045057589513,0.008965225287947565,0.01793045057589513,0.03586090115179026,0.008965225287947565,0.31939512254499197,0.32199586593710544
1,0.020795643821479182,0.051989109553697954,0.020795643821479182,0.051989109553697954,0.07278475337517713,0.0,0.010397821910739591,0.010397821910739591,0.041591287642958365,0.010397821910739591,0.010397821910739591,0.0,0.010397821910739591,0.041591287642958365,0.020795643821479182,0.041591287642958365,0.3153830597177818,0.26870406385263446
1,0.029521495624980024,0.01968099708332002,0.029521495624980024,0.01968099708332002,0.01968099708332002,0.0,0.00984049854166001,0.029521495624980024,0.03936199416664004,0.01968099708332002,0.049202492708300044,0.029521495624980024,0.00984049854166001,0.01968099708332002,0.049202492708300044,0.01968099708332002,0.28151367279857753,0.32486638553502206
1,0.06330503890115792,0.03165251945057896,0.010550839816859654,0.042203359267438616,0.03165251945057896,0.010550839816859654,0.0,0.03165251945057896,0.03165251945057896,0.0,0.021101679633719308,0.021101679633719308,0.021101679633719308,0.03165251945057896,0.052754199084298264,0.021101679633719308,0.25717809858876667,0.32078830873684716
1,0.057264731733619206,0.016361351923891203,0.032722703847782406,0.016361351923891203,0.0245420278858368,0.0,0.008180675961945601,0.008180675961945601,0.040903379809728004,0.0245420278858368,0.0245420278858368,0.008180675961945601,0.008180675961945601,0.0,0.0245420278858368,0.032722703847782406,0.28973875827766266,0.3830342032445134
1,0.03995655363624359,0.0,0.023973932181746153,0.01598262145449744,0.0,0.01598262145449744,0.023973932181746153,0.00799131072724872,0.03995655363624359,0.023973932181746153,0.01598262145449744,0.03196524290899488,0.0,0.00799131072724872,0.03995655363624359,0.03196524290899488,0.3257408712973973,0.35460669961265395
1,0.06868774768818722,0.029437606152080235,0.05887521230416047,0.009812535384026747,0.029437606152080235,0.009812535384026747,0.009812535384026747,0.0,0.049062676920133726,0.0,0.0,0.029437606152080235,0.019625070768053494,0.009812535384026747,0.009812535384026747,0.05887521230416047,0.2830309476810982,0.324467636957832
1,0.03775894070612542,0.01887947035306271,0.04719867588265677,0.02831920552959406,0.01887947035306271,0.0,0.0,0.04719867588265677,0.03775894070612542,0.01887947035306271,0.009439735176531355,0.009439735176531355,0.04719867588265677,0.02831920552959406,0.01887947035306271,0.009439735176531355,0.3262770817550693,0.2961335111836766
1,0.04617428485062002,0.02308714242531001,0.05771785606327502,0.034630713637965015,0.034630713637965015,0.0,0.0,0.0,0.04617428485062002,0.0,0.011543571212655005,0.05771785606327502,0.02308714242531001,0.011543571212655005,0.04617428485062002,0.06926142727593003,0.27398791406624934,0.2642692374275503
1,0.010857997213204693,0.010857997213204693,0.05428998606602346,0.010857997213204693,0.03257399163961408,0.03257399163961408,0.0,0.05428998606602346,0.010857997213204693,0.021715994426409386,0.021715994426409386,0.03257399163961408,0.03257399163961408,0.04343198885281877,0.021715994426409386,0.04343198885281877,0.2713614467138158,0.29431866475799656
1,0.027565726157127268,0.03675430154283636,0.01837715077141818,0.0,0.027565726157127268,0.04594287692854545,0.00918857538570909,0.04594287692854545,0.027565726157127268,0.027565726157127268,0.01837715077141818,0.00918857538570909,0.0,0.01837715077141818,0.027565726157127268,0.027565726157127268,0.2787139555057658,0.35374302906587063
1,0.06051703039476501,0.03458116022558001,0.03458116022558001,0.025935870169185006,0.03458116022558001,0.0,0.025935870169185006,0.008645290056395003,0.03458116022558001,0.025935870169185006,0.008645290056395003,0.008645290056395003,0.025935870169185006,0.008645290056395003,0.008645290056395003,0.0,0.34791184251084334,0.30627655523335645
1,0.06519116179903278,0.01862604622829508,0.06519116179903278,0.01862604622829508,0.00931302311414754,0.00931302311414754,0.01862604622829508,0.0,0.05587813868488524,0.00931302311414754,0.05587813868488524,0.00931302311414754,0.02793906934244262,0.0,0.0,0.00931302311414754,0.3210286770508153,0.30645039838328314
1,0.010136151919607555,0.03040845575882266,0.04054460767843022,0.02027230383921511,0.02027230383921511,0.010136151919607555,0.02027230383921511,0.02027230383921511,0.04054460767843022,0.010136151919607555,0.02027230383921511,0.050680759598037764,0.03040845575882266,0.03040845575882266,0.03040845575882266,0.02027230383921511,0.3242273282105987,0.27032659500509926
1,0.06908205647694501,0.008635257059618127,0.04317628529809063,0.02590577117885438,0.0,0.017270514119236254,0.0,0.03454102823847251,0.04317628529809063,0.008635257059618127,0.008635257059618127,0.0,0.02590577117885438,0.017270514119236254,0.017270514119236254,0.02590577117885438,0.30035556981974376,0.3542341477955311
1,0.03564204761567597,0.0,0.03564204761567597,0.03564204761567597,0.008910511903918993,0.0,0.008910511903918993,0.017821023807837986,0.053463071423513954,0.008910511903918993,0.03564204761567597,0.017821023807837986,0.008910511903918993,0.026731535711756977,0.03564204761567597,0.026731535711756977,0.32568688284903513,0.3178926409942052
1,0.06245471814752718,0.017844205185007768,0.02676630777751165,0.017844205185007768,0.035688410370015536,0.008922102592503884,0.0,0.02676630777751165,0.02676630777751165,0.017844205185007768,0.0,0.017844205185007768,0.0,0.017844205185007768,0.035688410370015536,0.044610512962519416,0.3036177971014624,0.33949809919838214
1,0.04441812378118889,0.026650874268713334,0.035534499024951115,0.017767249512475557,0.026650874268713334,0.0,0.008883624756237779,0.026650874268713334,0.035534499024951115,0.008883624756237779,0.008883624756237779,0.008883624756237779,0.008883624756237779,0.026650874268713334,0.017767249512475557,0.05330174853742667,0.27545377180316516,0.36920123794732357
1,0.016839815360506088,0.008419907680253044,0.02525972304075913,0.033679630721012176,0.016839815360506088,0.008419907680253044,0.016839815360506088,0.02525972304075913,0.033679630721012176,0.02525972304075913,0.008419907680253044,0.016839815360506088,0.016839815360506088,0.02525972304075913,0.02525972304075913,0.033679630721012176,0.3434553552793022,0.3197483375105762
1,0.05603606786570296,0.0,0.018678689288567654,0.02801803393285148,0.018678689288567654,0.009339344644283827,0.02801803393285148,0.009339344644283827,0.018678689288567654,0.02801803393285148,0.046696723221419136,0.02801803393285148,0.009339344644283827,0.018678689288567654,0.02801803393285148,0.02801803393285148,0.27656611958080435,0.34986009464784257
1,0.017893682408067837,0.017893682408067837,0.017893682408067837,0.026840523612101753,0.026840523612101753,0.044734206020169594,0.017893682408067837,0.017893682408067837,0.026840523612101753,0.026840523612101753,0.008946841204033919,0.008946841204033919,0.008946841204033919,0.026840523612101753,0.026840523612101753,0.035787364816135675,0.30678095984522524,0.33534539199341806
1,0.01948505475670708,0.01948505475670708,0.01948505475670708,0.029227582135060617,0.029227582135060617,0.00974252737835354,0.00974252737835354,0.029227582135060617,0.01948505475670708,0.00974252737835354,0.00974252737835354,0.029227582135060617,0.01948505475670708,0.03897010951341416,0.029227582135060617,0.06819769164847478,0.27680368141847,0.3334952234473883
1,0.011306650853250942,0.033919952559752824,0.033919952559752824,0.033919952559752824,0.033919952559752824,0.033919952559752824,0.011306650853250942,0.04522660341300377,0.011306650853250942,0.022613301706501884,0.011306650853250942,0.011306650853250942,0.05653325426625471,0.033919952559752824,0.011306650853250942,0.05653325426625471,0.28980414588820624,0.2579298199817562
1,0.06433898898587825,0.0183825682816795,0.04595642070419875,0.027573852422519248,0.0183825682816795,0.00919128414083975,0.00919128414083975,0.0,0.04595642070419875,0.0,0.027573852422519248,0.0183825682816795,0.027573852422519248,0.00919128414083975,0.0183825682816795,0.027573852422519248,0.27308930998477465,0.35925932438163544
1,0.03438967619073159,0.04585290158764213,0.0,0.04585290158764213,0.022926450793821065,0.0,0.011463225396910533,0.03438967619073159,0.03438967619073159,0.0,0.03438967619073159,0.03438967619073159,0.03438967619073159,0.022926450793821065,0.05731612698455266,0.04585290158764213,0.24424589570232075,0.29722508842125794
1,0.05360076253637139,0.026800381268185694,0.008933460422728566,0.0,0.017866920845457133,0.026800381268185694,0.008933460422728566,0.07146768338182853,0.017866920845457133,0.017866920845457133,0.008933460422728566,0.008933460422728566,0.0,0.04466730211364282,0.026800381268185694,0.017866920845457133,0.29304970430403554,0.3496118787868217
1,0.08951947026733593,0.04069066830333451,0.04882880196400141,0.008138133660666904,0.04069066830333451,0.0,0.008138133660666904,0.0,0.04882880196400141,0.016276267321333807,0.016276267321333807,0.0,0.008138133660666904,0.0,0.0,0.0,0.33006220194396874,0.3444124516293553
1,0.031049116691024985,0.020699411127349993,0.031049116691024985,0.031049116691024985,0.010349705563674996,0.010349705563674996,0.020699411127349993,0.020699411127349993,0.031049116691024985,0.010349705563674996,0.041398822254699985,0.031049116691024985,0.041398822254699985,0.020699411127349993,0.020699411127349993,0.041398822254699985,0.30001003779380414,0.2860017396591959
1,0.050300252327544134,0.008383375387924023,0.016766750775848046,0.008383375387924023,0.016766750775848046,0.016766750775848046,0.008383375387924023,0.03353350155169609,0.016766750775848046,0.04191687693962011,0.016766750775848046,0.008383375387924023,0.0,0.0,0.04191687693962011,0.050300252327544134,0.26322980285685227,0.4014351816261869
1,0.017983760070133553,0.017983760070133553,0.008991880035066777,0.035967520140267106,0.026975640105200326,0.008991880035066777,0.008991880035066777,0.044959400175333876,0.017983760070133553,0.026975640105200326,0.0,0.008991880035066777,0.017983760070133553,0.035967520140267106,0.035967520140267106,0.044959400175333876,0.3238333050367659,0.3164914935605631
1,0.0846533217367871,0.010581665217098387,0.010581665217098387,0.05290832608549193,0.03174499565129516,0.03174499565129516,0.010581665217098387,0.03174499565129516,0.021163330434196773,0.010581665217098387,0.0,0.010581665217098387,0.03174499565129516,0.05290832608549193,0.010581665217098387,0.021163330434196773,0.2528587105425416,0.323874680773523
1,0.04704472610891128,0.018817890443564512,0.04704472610891128,0.0,0.018817890443564512,0.009408945221782256,0.018817890443564512,0.018817890443564512,0.037635780887129024,0.009408945221782256,0.05645367133069353,0.018817890443564512,0.009408945221782256,0.028226835665346766,0.009408945221782256,0.028226835665346766,0.28214640838912963,0.34149578273958003
1,0.051609357377968616,0.01720311912598954,0.043007797814973846,0.01720311912598954,0.0,0.0,0.025804678688984308,0.0,0.06021091694096338,0.01720311912598954,0.03440623825197908,0.025804678688984308,0.00860155956299477,0.0,0.03440623825197908,0.00860155956299477,0.3500574341050993,0.3058801833751098
1,0.037342558236400085,0.018671279118200042,0.009335639559100021,0.0466781977955001,0.037342558236400085,0.009335639559100021,0.009335639559100021,0.02800691867730006,0.02800691867730006,0.018671279118200042,0.009335639559100021,0.009335639559100021,0.009335639559100021,0.037342558236400085,0.037342558236400085,0.02800691867730006,0.2770634063982723,0.34951101123772677
1,0.0,0.030832392977130203,0.010277464325710068,0.04110985730284027,0.05138732162855034,0.030832392977130203,0.030832392977130203,0.020554928651420137,0.030832392977130203,0.020554928651420137,0.0,0.030832392977130203,0.010277464325710068,0.04110985730284027,0.04110985730284027,0.020554928651420137,0.3138978905081012,0.2750035364634961
1,0.009219139855235514,0.018438279710471028,0.009219139855235514,0.036876559420942055,0.02765741956570654,0.018438279710471028,0.009219139855235514,0.036876559420942055,0.018438279710471028,0.02765741956570654,0.02765741956570654,0.0,0.018438279710471028,0.02765741956570654,0.02765741956570654,0.05531483913141308,0.27211252123402974,0.3591218845565497
1,0.046659642933772484,0.018663857173508994,0.0,0.018663857173508994,0.009331928586754497,0.02799578576026349,0.03732771434701799,0.02799578576026349,0.018663857173508994,0.018663857173508994,0.009331928586754497,0.02799578576026349,0.009331928586754497,0.02799578576026349,0.03732771434701799,0.03732771434701799,0.3243802895582496,0.30234256697157047
1,0.047808142327751976,0.019123256931100792,0.009561628465550396,0.047808142327751976,0.047808142327751976,0.0,0.009561628465550396,0.0,0.019123256931100792,0.019123256931100792,0.009561628465550396,0.019123256931100792,0.009561628465550396,0.019123256931100792,0.047808142327751976,0.05736977079330237,0.25836072508584346,0.3591741362921406
1,0.02286398406896269,0.0,0.02286398406896269,0.04572796813792538,0.011431992034481345,0.03429597610344403,0.02286398406896269,0.03429597610344403,0.011431992034481345,0.011431992034481345,0.02286398406896269,0.05715996017240672,0.04572796813792538,0.05715996017240672,0.04572796813792538,0.011431992034481345,0.2504728049482319,0.2922475136725142
1,0.027360938020908335,0.03648125069454445,0.027360938020908335,0.027360938020908335,0.04560156336818056,0.0,0.0,0.027360938020908335,0.04560156336818056,0.018240625347272225,0.0,0.018240625347272225,0.0,0.018240625347272225,0.04560156336818056,0.027360938020908335,0.3229273703919582,0.31226012266259745
1,0.08438064723628641,0.052737904522679006,0.0,0.052737904522679006,0.052737904522679006,0.042190323618143205,0.010547580904535801,0.010547580904535801,0.021095161809071603,0.0,0.0,0.021095161809071603,0.021095161809071603,0.021095161809071603,0.031642742713607404,0.0,0.2502972088350587,0.32779955498350927
1,0.019903893147580773,0.039807786295161546,0.029855839721371156,0.009951946573790386,0.029855839721371156,0.009951946573790386,0.029855839721371156,0.029855839721371156,0.019903893147580773,0.029855839721371156,0.009951946573790386,0.039807786295161546,0.029855839721371156,0.019903893147580773,0.019903893147580773,0.029855839721371156,0.27742367877038693,0.3244984582779976
1,0.034335733682075584,0.008583933420518896,0.042919667102594476,0.017167866841037792,0.017167866841037792,0.0,0.0,0.025751800261556684,0.025751800261556684,0.025751800261556684,0.017167866841037792,0.017167866841037792,0.025751800261556684,0.008583933420518896,0.034335733682075584,0.042919667102594476,0.286523758539011,0.3701189046402333
1,0.048793064780219844,0.029275838868131905,0.01951722591208794,0.0,0.01951722591208794,0.06831029069230778,0.029275838868131905,0.029275838868131905,0.01951722591208794,0.029275838868131905,0.01951722591208794,0.01951722591208794,0.0,0.029275838868131905,0.01951722591208794,0.00975861295604397,0.2689107596626547,0.34074472209558665
1,0.053946179718116945,0.03596411981207796,0.01798205990603898,0.03596411981207796,0.0,0.0,0.01798205990603898,0.00899102995301949,0.053946179718116945,0.0,0.03596411981207796,0.01798205990603898,0.03596411981207796,0.0,0.026973089859058472,0.01798205990603898,0.31788219410256247,0.3224766077766579
1,0.02690058067152102,0.01793372044768068,0.02690058067152102,0.00896686022384034,0.03586744089536136,0.0,0.0,0.044834301119201704,0.0,0.05380116134304204,0.01793372044768068,0.02690058067152102,0.02690058067152102,0.00896686022384034,0.05380116134304204,0.00896686022384034,0.3062352430305833,0.3350903480158032
1,0.06578050923534114,0.009397215605048734,0.037588862420194935,0.037588862420194935,0.018794431210097468,0.0,0.009397215605048734,0.018794431210097468,0.0281916468151462,0.009397215605048734,0.0281916468151462,0.018794431210097468,0.0281916468151462,0.0281916468151462,0.018794431210097468,0.018794431210097468,0.287232546619808,0.3368788291782426
