1,0.05640009507201239,0.04512007605760992,0.01128001901440248,0.02256003802880496,0.05640009507201239,0.03384005704320744,0.0,0.05640009507201239,0.0,0.02256003802880496,0.03384005704320744,0.01128001901440248,0.02256003802880496,0.03384005704320744,0.02256003802880496,0.02256003802880496,0.22283967646126404,0.32595956296263673
1,0.0,0.018942770818949167,0.018942770818949167,0.009471385409474583,0.0,0.018942770818949167,0.03788554163789833,0.03788554163789833,0.018942770818949167,0.018942770818949167,0.04735692704737292,0.028414156228423748,0.028414156228423748,0.03788554163789833,0.018942770818949167,0.03788554163789833,0.29349617937648526,0.3276484042445315
1,0.035982892282753864,0.0,0.04497861535344233,0.035982892282753864,0.0269871692120654,0.017991446141376932,0.008995723070688466,0.008995723070688466,0.035982892282753864,0.0269871692120654,0.008995723070688466,0.008995723070688466,0.017991446141376932,0.017991446141376932,0.017991446141376932,0.04497861535344233,0.3142961846467016,0.32587489252575974
1,0.06054650497597278,0.025948502132559767,0.01729900142170651,0.008649500710853256,0.01729900142170651,0.01729900142170651,0.051897004265119534,0.025948502132559767,0.008649500710853256,0.051897004265119534,0.008649500710853256,0.008649500710853256,0.03459800284341302,0.008649500710853256,0.0,0.0,0.34292447343283206,0.3110954981330376
1,0.07450424967669142,0.0,0.057947749748537766,0.008278249964076825,0.008278249964076825,0.008278249964076825,0.01655649992815365,0.008278249964076825,0.0662259997126146,0.02483474989223047,0.008278249964076825,0.0,0.0,0.008278249964076825,0.01655649992815365,0.02483474989223047,0.35953223642670007,0.3093377650102269
1,0.02722011088963651,0.01814674059309101,0.04536685148272752,0.009073370296545504,0.01814674059309101,0.01814674059309101,0.03629348118618202,0.009073370296545504,0.05444022177927302,0.01814674059309101,0.03629348118618202,0.01814674059309101,0.009073370296545504,0.02722011088963651,0.0,0.01814674059309101,0.3264689549136448,0.31059623322453506
1,0.02636216191302157,0.035149549217362096,0.035149549217362096,0.02636216191302157,0.017574774608681048,0.008787387304340524,0.02636216191302157,0.02636216191302157,0.07908648573906471,0.008787387304340524,0.0,0.0,0.0,0.02636216191302157,0.02636216191302157,0.008787387304340524,0.37834648234978985,0.2701580254765892
1,0.026160767268906367,0.008720255756302123,0.017440511512604246,0.017440511512604246,0.026160767268906367,0.008720255756302123,0.0,0.052321534537812735,0.008720255756302123,0.026160767268906367,0.008720255756302123,0.0,0.0,0.04360127878151061,0.017440511512604246,0.08720255756302123,0.2790429849778513,0.3721467847700639
1,0.025881863440878516,0.017254575627252345,0.03450915125450469,0.008627287813626172,0.017254575627252345,0.008627287813626172,0.008627287813626172,0.04313643906813086,0.025881863440878516,0.04313643906813086,0.025881863440878516,0.017254575627252345,0.017254575627252345,0.008627287813626172,0.04313643906813086,0.0,0.31871353416334464,0.3361949532916084
1,0.07632045495768001,0.04361168854724573,0.0,0.010902922136811433,0.04361168854724573,0.021805844273622865,0.0,0.04361168854724573,0.010902922136811433,0.010902922136811433,0.0,0.04361168854724573,0.0,0.03270876641043429,0.06541753282086858,0.03270876641043429,0.27222220384126633,0.2916609106862763
1,0.039034401720622156,0.019517200860311078,0.06831020301108877,0.009758600430155539,0.009758600430155539,0.0,0.019517200860311078,0.0,0.04879300215077769,0.009758600430155539,0.029275801290466617,0.039034401720622156,0.039034401720622156,0.0,0.019517200860311078,0.039034401720622156,0.2851681269834495,0.3244878558103291
1,0.0,0.028713256066678423,0.009571085355559474,0.04785542677779737,0.04785542677779737,0.01914217071111895,0.028713256066678423,0.028713256066678423,0.0382843414222379,0.01914217071111895,0.0,0.009571085355559474,0.0,0.057426512133356845,0.028713256066678423,0.01914217071111895,0.3631680476717749,0.25398853810584604
1,0.0,0.0,0.0,0.03228511586574256,0.010761705288580854,0.010761705288580854,0.03228511586574256,0.07533193702006596,0.0,0.010761705288580854,0.0,0.043046821154323414,0.021523410577161707,0.10761705288580853,0.010761705288580854,0.07533193702006596,0.3038437784345661,0.26568801002219994
1,0.010010039509416962,0.0,0.0,0.04004015803766785,0.020020079018833924,0.020020079018833924,0.020020079018833924,0.06006023705650177,0.010010039509416962,0.020020079018833924,0.010010039509416962,0.010010039509416962,0.010010039509416962,0.0800803160753357,0.020020079018833924,0.07007027656591873,0.2922752890911309,0.3073231305321907
1,0.063365459907773,0.036208834233013146,0.009052208558253286,0.027156625674759856,0.05431325134951971,0.018104417116506573,0.036208834233013146,0.018104417116506573,0.009052208558253286,0.036208834233013146,0.0,0.0,0.009052208558253286,0.027156625674759856,0.0,0.018104417116506573,0.33695116457831575,0.3009604930915527
1,0.01974550139984267,0.009872750699921336,0.009872750699921336,0.01974550139984267,0.03949100279968534,0.059236504199528014,0.0,0.03949100279968534,0.0,0.01974550139984267,0.0,0.01974550139984267,0.0,0.04936375349960668,0.029618252099764007,0.07898200559937069,0.21908340807142587,0.38600656393172067
1,0.0,0.021095873174585725,0.0,0.021095873174585725,0.021095873174585725,0.010547936587292863,0.0,0.1160273024602215,0.0,0.010547936587292863,0.0,0.010547936587292863,0.021095873174585725,0.10547936587292862,0.010547936587292863,0.07383555611105003,0.28540605180385203,0.29267648470443336
1,0.04403781667601891,0.008807563335203782,0.03523025334081513,0.026422690005611343,0.017615126670407565,0.017615126670407565,0.008807563335203782,0.0,0.05284538001122269,0.008807563335203782,0.017615126670407565,0.026422690005611343,0.008807563335203782,0.0,0.04403781667601891,0.03523025334081513,0.32106502967117545,0.32663243692067334
1,0.021062763854541706,0.05265690963635426,0.0,0.010531381927270853,0.031594145781812556,0.06318829156362511,0.031594145781812556,0.031594145781812556,0.04212552770908341,0.010531381927270853,0.0,0.021062763854541706,0.0,0.031594145781812556,0.04212552770908341,0.031594145781812556,0.3313435405020784,0.24740118240708767
1,0.03545005301512078,0.0,0.044312566268900976,0.044312566268900976,0.01772502650756039,0.008862513253780195,0.01772502650756039,0.0,0.06203759277646136,0.008862513253780195,0.01772502650756039,0.01772502650756039,0.008862513253780195,0.01772502650756039,0.03545005301512078,0.01772502650756039,0.35511577722479887,0.29038369262399344
1,0.039194708762347076,0.029396031571760302,0.029396031571760302,0.039194708762347076,0.039194708762347076,0.009798677190586769,0.0,0.029396031571760302,0.019597354381173538,0.019597354381173538,0.029396031571760302,0.0,0.039194708762347076,0.029396031571760302,0.009798677190586769,0.029396031571760302,0.25280192756098974,0.35525098481553946
1,0.010635806256176064,0.053179031280880314,0.021271612512352128,0.031907418768528185,0.053179031280880314,0.031907418768528185,0.010635806256176064,0.042543225024704256,0.021271612512352128,0.010635806256176064,0.010635806256176064,0.0,0.031907418768528185,0.042543225024704256,0.0,0.053179031280880314,0.2731309500648182,0.30143679968813925
1,0.009065397400074612,0.0,0.009065397400074612,0.018130794800149223,0.018130794800149223,0.045326987000373055,0.009065397400074612,0.05439238440044766,0.0,0.045326987000373055,0.02719619220022383,0.0,0.009065397400074612,0.045326987000373055,0.02719619220022383,0.045326987000373055,0.2680914056567873,0.36929269834022826
1,0.04305228556524842,0.01722091422609937,0.060273199791347785,0.01722091422609937,0.02583137133914905,0.008610457113049684,0.008610457113049684,0.01722091422609937,0.0516627426782981,0.01722091422609937,0.02583137133914905,0.008610457113049684,0.008610457113049684,0.02583137133914905,0.008610457113049684,0.0,0.3340676613322328,0.3215140541457798
1,0.04522690308679327,0.02713614185207596,0.01809076123471731,0.02713614185207596,0.02713614185207596,0.009045380617358654,0.009045380617358654,0.009045380617358654,0.03618152246943462,0.009045380617358654,0.03618152246943462,0.02713614185207596,0.01809076123471731,0.009045380617358654,0.04522690308679327,0.009045380617358654,0.283848081006512,0.3543366942991417
1,0.01087368607630301,0.032621058228909025,0.01087368607630301,0.0,0.01087368607630301,0.01087368607630301,0.02174737215260602,0.04349474430521204,0.0,0.01087368607630301,0.02174737215260602,0.054368430381515044,0.032621058228909025,0.032621058228909025,0.032621058228909025,0.10873686076303009,0.25608895040463814,0.3089636065432415
1,0.05057281247044678,0.016857604156815597,0.04214401039203899,0.008428802078407798,0.02528640623522339,0.016857604156815597,0.02528640623522339,0.008428802078407798,0.04214401039203899,0.02528640623522339,0.016857604156815597,0.02528640623522339,0.0,0.016857604156815597,0.016857604156815597,0.0,0.3318784835802175,0.3309694332834707
1,0.05277290055026354,0.01759096685008785,0.0351819337001757,0.01759096685008785,0.008795483425043925,0.0,0.008795483425043925,0.01759096685008785,0.05277290055026354,0.008795483425043925,0.02638645027513177,0.02638645027513177,0.01759096685008785,0.008795483425043925,0.043977417125219624,0.008795483425043925,0.31037698543680636,0.33780367756143664
1,0.023433881622359234,0.09373552648943693,0.0,0.011716940811179617,0.10545246730061655,0.08201858567825732,0.011716940811179617,0.03515082243353885,0.0,0.011716940811179617,0.011716940811179617,0.011716940811179617,0.0,0.03515082243353885,0.011716940811179617,0.023433881622359234,0.2511704381680209,0.28015192938479455
1,0.03800504905572472,0.00950126226393118,0.03800504905572472,0.03800504905572472,0.0,0.0,0.0,0.00950126226393118,0.03800504905572472,0.0,0.0475063113196559,0.03800504905572472,0.0475063113196559,0.0,0.0475063113196559,0.02850378679179354,0.28479962839548745,0.3351498810472653
1,0.03401127439135398,0.008502818597838495,0.025508455793515482,0.04251409298919247,0.025508455793515482,0.008502818597838495,0.008502818597838495,0.008502818597838495,0.025508455793515482,0.025508455793515482,0.01700563719567699,0.01700563719567699,0.025508455793515482,0.008502818597838495,0.03401127439135398,0.025508455793515482,0.2904869609563417,0.3694002951301185
1,0.011253096811829627,0.03375929043548888,0.011253096811829627,0.03375929043548888,0.04501238724731851,0.04501238724731851,0.011253096811829627,0.05626548405914813,0.0,0.022506193623659253,0.0,0.022506193623659253,0.022506193623659253,0.06751858087097776,0.022506193623659253,0.04501238724731851,0.25047970896601573,0.29939641856079924
1,0.009344419619993147,0.0,0.018688839239986293,0.0,0.009344419619993147,0.018688839239986293,0.009344419619993147,0.046722098099965734,0.0,0.02803325885997944,0.02803325885997944,0.046722098099965734,0.009344419619993147,0.03737767847997259,0.05606651771995888,0.05606651771995888,0.26106742624616874,0.3651557889541055
1,0.021185962759824067,0.031778944139736094,0.0,0.031778944139736094,0.06355788827947219,0.05296490689956016,0.010592981379912034,0.05296490689956016,0.0,0.021185962759824067,0.0,0.0,0.010592981379912034,0.07415086965938422,0.010592981379912034,0.042371925519648135,0.285773327812208,0.29050741699131066
1,0.05616100284189003,0.01604600081196858,0.04011500202992145,0.00802300040598429,0.01604600081196858,0.0,0.01604600081196858,0.00802300040598429,0.04813800243590574,0.01604600081196858,0.02406900121795287,0.01604600081196858,0.00802300040598429,0.00802300040598429,0.01604600081196858,0.02406900121795287,0.30251327935071776,0.37656670440991075
1,0.0,0.021985282427869332,0.0,0.021985282427869332,0.021985282427869332,0.043970564855738664,0.0,0.08794112971147733,0.0,0.010992641213934666,0.010992641213934666,0.021985282427869332,0.032977923641804,0.07694848849754266,0.032977923641804,0.05496320606967333,0.2547374188741715,0.30555693256844196
1,0.01027907165182624,0.01027907165182624,0.030837214955478715,0.02055814330365248,0.04111628660730496,0.030837214955478715,0.01027907165182624,0.04111628660730496,0.0,0.04111628660730496,0.01027907165182624,0.01027907165182624,0.01027907165182624,0.04111628660730496,0.02055814330365248,0.08223257321460992,0.27421957683578563,0.3146175570911648
1,0.04853092352944102,0.01941236941177641,0.058237108235329224,0.0,0.009706184705888205,0.009706184705888205,0.01941236941177641,0.009706184705888205,0.029118554117664612,0.0,0.029118554117664612,0.058237108235329224,0.029118554117664612,0.01941236941177641,0.009706184705888205,0.03882473882355282,0.26222568449118094,0.3495269272732908
1,0.009481582756571802,0.009481582756571802,0.009481582756571802,0.018963165513143605,0.009481582756571802,0.0,0.03792633102628721,0.018963165513143605,0.0,0.03792633102628721,0.03792633102628721,0.05688949653943081,0.018963165513143605,0.018963165513143605,0.04740791378285901,0.04740791378285901,0.3219463086505513,0.29879038108657674
1,0.045142641846040554,0.033856981384530416,0.033856981384530416,0.022571320923020277,0.05642830230755069,0.022571320923020277,0.0,0.033856981384530416,0.022571320923020277,0.0,0.0,0.045142641846040554,0.011285660461510139,0.05642830230755069,0.033856981384530416,0.033856981384530416,0.24715718590477478,0.30141639563481987
1,0.03675313611314506,0.009188284028286265,0.027564852084858794,0.027564852084858794,0.0,0.0,0.009188284028286265,0.0,0.04594142014143132,0.009188284028286265,0.07350627222629012,0.04594142014143132,0.01837656805657253,0.0,0.06431798819800386,0.0,0.2974870453353679,0.3349815935331815
1,0.052626686127382645,0.008771114354563776,0.043855571772818874,0.043855571772818874,0.0,0.0,0.017542228709127552,0.008771114354563776,0.06139780048194642,0.008771114354563776,0.026313343063691323,0.008771114354563776,0.026313343063691323,0.008771114354563776,0.026313343063691323,0.008771114354563776,0.33371555238443007,0.3154398734330189
1,0.0,0.013162893117720377,0.013162893117720377,0.013162893117720377,0.013162893117720377,0.0,0.0,0.14479182429492415,0.013162893117720377,0.0,0.0,0.03948867935316113,0.013162893117720377,0.14479182429492415,0.03948867935316113,0.07897735870632226,0.23182808803529265,0.2416561872558923
1,0.020572035732234838,0.020572035732234838,0.020572035732234838,0.030858053598352253,0.05143008933058709,0.05143008933058709,0.0,0.041144071464469675,0.020572035732234838,0.010286017866117419,0.010286017866117419,0.010286017866117419,0.0,0.061716107196704506,0.020572035732234838,0.041144071464469675,0.2485373568507441,0.34002192850455915
1,0.0,0.00955679121565944,0.03822716486263776,0.01911358243131888,0.0,0.00955679121565944,0.01911358243131888,0.01911358243131888,0.057340747293956634,0.00955679121565944,0.08601112094093495,0.01911358243131888,0.00955679121565944,0.01911358243131888,0.028670373646978317,0.03822716486263776,0.3096818625887964,0.30804648878482604
1,0.051943582312868594,0.017314527437622868,0.034629054875245736,0.025971791156434297,0.008657263718811434,0.0,0.017314527437622868,0.008657263718811434,0.051943582312868594,0.008657263718811434,0.017314527437622868,0.017314527437622868,0.025971791156434297,0.008657263718811434,0.017314527437622868,0.034629054875245736,0.329356187232016,0.3243532640155267
1,0.01784475168225717,0.008922375841128585,0.08030138257015726,0.026767127523385753,0.04461187920564292,0.008922375841128585,0.0,0.026767127523385753,0.04461187920564292,0.026767127523385753,0.0,0.0,0.01784475168225717,0.03568950336451434,0.0,0.01784475168225717,0.36168409662392476,0.28142086973093183
1,0.04111055790333069,0.010277639475832672,0.020555278951665343,0.06166583685499602,0.05138819737916336,0.05138819737916336,0.010277639475832672,0.020555278951665343,0.03083291842749801,0.0,0.0,0.0,0.010277639475832672,0.07194347633082869,0.010277639475832672,0.020555278951665343,0.2844445749369621,0.3044498460297311
1,0.04652488947022362,0.02326244473511181,0.0,0.08141855657289132,0.06978733420533542,0.03489366710266771,0.0,0.04652488947022362,0.011631222367555904,0.0,0.02326244473511181,0.0,0.011631222367555904,0.09304977894044723,0.011631222367555904,0.011631222367555904,0.2504326883043995,0.28431841699336446
1,0.008558954621968417,0.017117909243936833,0.025676863865905248,0.051353727731810496,0.017117909243936833,0.008558954621968417,0.017117909243936833,0.017117909243936833,0.04279477310984208,0.025676863865905248,0.008558954621968417,0.008558954621968417,0.034235818487873666,0.008558954621968417,0.034235818487873666,0.017117909243936833,0.3489261744299388,0.3087156406913245
1,0.021042359339238075,0.03156353900885711,0.0,0.05260589834809518,0.05260589834809518,0.03156353900885711,0.0,0.04208471867847615,0.010521179669619038,0.010521179669619038,0.010521179669619038,0.0,0.021042359339238075,0.05260589834809518,0.03156353900885711,0.05260589834809518,0.25460801815869755,0.32454479505654105
1,0.03371745832470176,0.022478305549801174,0.011239152774900587,0.03371745832470176,0.022478305549801174,0.03371745832470176,0.0,0.06743491664940351,0.022478305549801174,0.0,0.0,0.03371745832470176,0.022478305549801174,0.06743491664940351,0.04495661109960235,0.03371745832470176,0.27608837791263036,0.27434551109134614
1,0.02639181723232522,0.017594544821550148,0.017594544821550148,0.035189089643100295,0.017594544821550148,0.008797272410775074,0.02639181723232522,0.008797272410775074,0.05278363446465044,0.0,0.008797272410775074,0.017594544821550148,0.008797272410775074,0.035189089643100295,0.02639181723232522,0.043986362053875364,0.3088567323179372,0.3392523712510599
1,0.0478447369929962,0.00956894739859924,0.03827578959439696,0.00956894739859924,0.01913789479719848,0.00956894739859924,0.00956894739859924,0.028706842195797718,0.03827578959439696,0.00956894739859924,0.03827578959439696,0.028706842195797718,0.0,0.03827578959439696,0.028706842195797718,0.028706842195797718,0.28747479976338114,0.32976730429264944
1,0.0,0.02442915697080302,0.01221457848540151,0.02442915697080302,0.03664373545620452,0.03664373545620452,0.0,0.07328747091240904,0.01221457848540151,0.0,0.0,0.01221457848540151,0.01221457848540151,0.08550204939781056,0.01221457848540151,0.1465749418248181,0.23299373075738847,0.2784231298265512
1,0.01778440111269383,0.01778440111269383,0.07113760445077533,0.0,0.008892200556346916,0.008892200556346916,0.008892200556346916,0.03556880222538766,0.07113760445077533,0.01778440111269383,0.01778440111269383,0.008892200556346916,0.008892200556346916,0.01778440111269383,0.026676601669040744,0.01778440111269383,0.368789762239505,0.27552221550661854
1,0.05604052631880659,0.0093400877198011,0.0186801754396022,0.0186801754396022,0.0,0.0093400877198011,0.0,0.046700438599005495,0.0186801754396022,0.0186801754396022,0.028020263159403296,0.0186801754396022,0.028020263159403296,0.0186801754396022,0.0373603508792044,0.046700438599005495,0.26094647232162266,0.3654500188863333
1,0.010372169488314128,0.010372169488314128,0.0,0.020744338976628255,0.010372169488314128,0.020744338976628255,0.0,0.08297735590651302,0.020744338976628255,0.0,0.010372169488314128,0.031116508464942377,0.0,0.08297735590651302,0.051860847441570636,0.062233016929884755,0.28474692186811396,0.30036629859932085
1,0.011448249014119635,0.011448249014119635,0.0343447470423589,0.057241245070598176,0.0343447470423589,0.0343447470423589,0.011448249014119635,0.02289649802823927,0.02289649802823927,0.011448249014119635,0.011448249014119635,0.04579299605647854,0.04579299605647854,0.04579299605647854,0.0343447470423589,0.02289649802823927,0.28994232261745734,0.25212771681775703
1,0.05561901790316109,0.0,0.04767344391699522,0.04767344391699522,0.01589114797233174,0.0,0.0,0.00794557398616587,0.06356459188932696,0.01589114797233174,0.01589114797233174,0.0,0.01589114797233174,0.00794557398616587,0.02383672195849761,0.0,0.33633679877893347,0.3458402417744317
1,0.03491207478819973,0.008728018697049932,0.04364009348524966,0.04364009348524966,0.0,0.0,0.026184056091149793,0.0,0.05236811218229959,0.008728018697049932,0.03491207478819973,0.026184056091149793,0.04364009348524966,0.008728018697049932,0.017456037394099864,0.0,0.31428365059927127,0.3365956015187316
1,0.008603831724784855,0.0,0.043019158623924275,0.01720766344956971,0.0,0.0,0.025811495174354562,0.008603831724784855,0.043019158623924275,0.03441532689913942,0.025811495174354562,0.03441532689913942,0.01720766344956971,0.0,0.051622990348709125,0.03441532689913942,0.3890418006253811,0.2668049303832248
1,0.030304836262864766,0.050508060438107946,0.01010161208762159,0.030304836262864766,0.07071128461335112,0.02020322417524318,0.02020322417524318,0.02020322417524318,0.02020322417524318,0.01010161208762159,0.030304836262864766,0.01010161208762159,0.0,0.050508060438107946,0.02020322417524318,0.01010161208762159,0.24008335104061823,0.35585216545451825
1,0.017993206382290673,0.017993206382290673,0.026989809573436007,0.053979619146872014,0.053979619146872014,0.008996603191145336,0.017993206382290673,0.008996603191145336,0.017993206382290673,0.035986412764581345,0.008996603191145336,0.008996603191145336,0.026989809573436007,0.035986412764581345,0.008996603191145336,0.008996603191145336,0.30135144893587623,0.33878442341831044
1,0.07010000333931488,0.023366667779771623,0.062311114079391,0.0,0.007788889259923875,0.0,0.01557777851984775,0.007788889259923875,0.062311114079391,0.007788889259923875,0.007788889259923875,0.023366667779771623,0.01557777851984775,0.0,0.007788889259923875,0.0,0.336844849707733,0.351599579895312
1,0.015393013157872292,0.030786026315744584,0.015393013157872292,0.04617903947361687,0.0,0.0,0.023089519736808437,0.015393013157872292,0.09235807894723375,0.0,0.007696506578936146,0.0,0.007696506578936146,0.007696506578936146,0.04617903947361687,0.0,0.3289041638970957,0.36323557294545844
1,0.042191187478722386,0.042191187478722386,0.0,0.021095593739361193,0.03164339060904179,0.042191187478722386,0.010547796869680597,0.05273898434840298,0.010547796869680597,0.0,0.010547796869680597,0.021095593739361193,0.010547796869680597,0.05273898434840298,0.021095593739361193,0.05273898434840298,0.24051802025107916,0.3375701049616971
1,0.021688674890137816,0.04337734978027563,0.0,0.0,0.010844337445068908,0.05422168722534453,0.010844337445068908,0.08675469956055126,0.0,0.010844337445068908,0.0,0.010844337445068908,0.03253301233520672,0.05422168722534453,0.010844337445068908,0.08675469956055126,0.23126921756607258,0.3349572846311711
1,0.033860773550155675,0.008465193387538919,0.033860773550155675,0.008465193387538919,0.04232596693769459,0.04232596693769459,0.0,0.033860773550155675,0.016930386775077837,0.05079116032523351,0.0,0.008465193387538919,0.0,0.008465193387538919,0.04232596693769459,0.008465193387538919,0.30345258739294606,0.35793967710549723
1,0.0,0.010125416823353823,0.030376250470061466,0.020250833646707645,0.030376250470061466,0.010125416823353823,0.020250833646707645,0.010125416823353823,0.010125416823353823,0.030376250470061466,0.05062708411676911,0.06075250094012293,0.020250833646707645,0.010125416823353823,0.06075250094012293,0.030376250470061466,0.26982318783642245,0.32516013922942477
1,0.008744462578845234,0.008744462578845234,0.0262333877365357,0.008744462578845234,0.0,0.0,0.034977850315380934,0.017488925157690467,0.034977850315380934,0.017488925157690467,0.04372231289422617,0.034977850315380934,0.008744462578845234,0.017488925157690467,0.034977850315380934,0.0524667754730714,0.32590400162608074,0.32431749522011005
1,0.020943814975744338,0.010471907487872169,0.020943814975744338,0.052359537439360844,0.020943814975744338,0.052359537439360844,0.010471907487872169,0.041887629951488675,0.0,0.020943814975744338,0.010471907487872169,0.020943814975744338,0.06283144492723301,0.031415722463616506,0.010471907487872169,0.031415722463616506,0.24117773331566142,0.3399459671694518
1,0.01675971236228343,0.0,0.03351942472456686,0.025139568543425143,0.025139568543425143,0.01675971236228343,0.0,0.04189928090570857,0.008379856181141714,0.04189928090570857,0.01675971236228343,0.008379856181141714,0.025139568543425143,0.025139568543425143,0.025139568543425143,0.025139568543425143,0.25920735978506015,0.4055983929692712
1,0.0,0.020245888348164973,0.0,0.030368832522247455,0.010122944174082486,0.040491776696329945,0.010122944174082486,0.06073766504449491,0.0,0.010122944174082486,0.010122944174082486,0.020245888348164973,0.030368832522247455,0.06073766504449491,0.020245888348164973,0.08098355339265989,0.2389499804248442,0.3561322526118565
1,0.038795593954120175,0.009698898488530044,0.029096695465590128,0.019397796977060087,0.038795593954120175,0.029096695465590128,0.0,0.048494492442650215,0.019397796977060087,0.019397796977060087,0.0,0.009698898488530044,0.0,0.058193390931180256,0.019397796977060087,0.048494492442650215,0.27068914469626204,0.34135491576253635
1,0.042048961446446924,0.01681958457857877,0.05886854602502569,0.008409792289289385,0.01681958457857877,0.0,0.0,0.008409792289289385,0.07568813060360446,0.008409792289289385,0.008409792289289385,0.025229376867868154,0.0,0.0,0.042048961446446924,0.025229376867868154,0.3558893660360764,0.3077189423923482
1,0.03620595590188119,0.018102977950940596,0.009051488975470298,0.02715446692641089,0.0,0.009051488975470298,0.018102977950940596,0.018102977950940596,0.04525744487735149,0.018102977950940596,0.03620595590188119,0.03620595590188119,0.009051488975470298,0.009051488975470298,0.06336042282829207,0.009051488975470298,0.31205491668401697,0.32588552429717094
1,0.05752686010355718,0.02301074404142287,0.011505372020711436,0.04602148808284574,0.011505372020711436,0.05752686010355718,0.02301074404142287,0.034516116062134304,0.02301074404142287,0.011505372020711436,0.0,0.034516116062134304,0.05752686010355718,0.034516116062134304,0.02301074404142287,0.011505372020711436,0.25222421544049944,0.2875609037310431
1,0.010961256259485377,0.03288376877845613,0.0,0.06576753755691225,0.03288376877845613,0.010961256259485377,0.021922512518970753,0.04384502503794151,0.010961256259485377,0.010961256259485377,0.0,0.021922512518970753,0.04384502503794151,0.05480628129742688,0.021922512518970753,0.05480628129742688,0.27014372223343225,0.29140602738715277
1,0.0093614229644089,0.0093614229644089,0.0374456918576356,0.0187228459288178,0.0374456918576356,0.0,0.0,0.0374456918576356,0.028084268893226697,0.0374456918576356,0.0468071148220445,0.028084268893226697,0.0,0.028084268893226697,0.05616853778645339,0.0,0.31623557239322414,0.30930750903041987
1,0.02650785079913478,0.00883595026637826,0.044179751331891295,0.01767190053275652,0.00883595026637826,0.00883595026637826,0.0,0.01767190053275652,0.05301570159826956,0.00883595026637826,0.02650785079913478,0.03534380106551304,0.00883595026637826,0.01767190053275652,0.044179751331891295,0.02650785079913478,0.3130023916660838,0.3335595976787858
1,0.03036461346552962,0.020243075643686416,0.0,0.03036461346552962,0.03036461346552962,0.04048615128737283,0.04048615128737283,0.03036461346552962,0.0,0.03036461346552962,0.0,0.03036461346552962,0.020243075643686416,0.06072922693105924,0.020243075643686416,0.020243075643686416,0.304723458683776,0.29041502844249584
1,0.03007718710733976,0.03007718710733976,0.020051458071559843,0.020051458071559843,0.040102916143119685,0.010025729035779921,0.010025729035779921,0.03007718710733976,0.020051458071559843,0.020051458071559843,0.03007718710733976,0.03007718710733976,0.020051458071559843,0.03007718710733976,0.03007718710733976,0.03007718710733976,0.2729791800032476,0.32599165856555573
1,0.02515696697483625,0.0,0.07547090092450875,0.00838565565827875,0.00838565565827875,0.0,0.00838565565827875,0.0167713113165575,0.05869958960795124,0.033542622633115,0.0167713113165575,0.02515696697483625,0.0167713113165575,0.0,0.033542622633115,0.00838565565827875,0.3961161317235169,0.26845764194533317
1,0.06595712347262665,0.009422446210375237,0.04711223105187618,0.03768978484150095,0.03768978484150095,0.0,0.0,0.018844892420750475,0.04711223105187618,0.009422446210375237,0.028267338631125707,0.009422446210375237,0.018844892420750475,0.03768978484150095,0.009422446210375237,0.0,0.28516245093463394,0.3379397006503565
1,0.030359027566113868,0.010119675855371291,0.05059837927685645,0.020239351710742582,0.040478703421485164,0.060718055132227736,0.0,0.020239351710742582,0.030359027566113868,0.020239351710742582,0.010119675855371291,0.020239351710742582,0.020239351710742582,0.020239351710742582,0.020239351710742582,0.030359027566113868,0.2605772126488183,0.3346357531363301
1,0.07824672378504931,0.039123361892524654,0.02934252141939349,0.009780840473131163,0.04890420236565582,0.019561680946262327,0.009780840473131163,0.009780840473131163,0.039123361892524654,0.0,0.009780840473131163,0.02934252141939349,0.0,0.02934252141939349,0.02934252141939349,0.009780840473131163,0.29537100242290726,0.31339537865184613
1,0.0,0.009456273381652542,0.0,0.018912546763305085,0.009456273381652542,0.018912546763305085,0.009456273381652542,0.07565018705322034,0.018912546763305085,0.009456273381652542,0.018912546763305085,0.009456273381652542,0.0,0.07565018705322034,0.018912546763305085,0.08510646043487287,0.30192288299246844,0.3198261817414299
1,0.11322472751904658,0.0,0.06967675539633636,0.008709594424542045,0.01741918884908409,0.0,0.0,0.01741918884908409,0.04354797212271022,0.01741918884908409,0.0,0.01741918884908409,0.01741918884908409,0.01741918884908409,0.008709594424542045,0.0,0.3076553650291538,0.3439608579891644
1,0.03009949637328938,0.0,0.03009949637328938,0.007524874093322345,0.0,0.007524874093322345,0.037624370466611726,0.02257462227996703,0.037624370466611726,0.037624370466611726,0.04514924455993406,0.0,0.0,0.02257462227996703,0.007524874093322345,0.01504974818664469,0.3459888325876891,0.3530162036794171
1,0.009251703907214595,0.01850340781442919,0.009251703907214595,0.009251703907214595,0.0,0.027755111721643782,0.01850340781442919,0.08326533516493134,0.009251703907214595,0.01850340781442919,0.009251703907214595,0.0,0.027755111721643782,0.06476192735050215,0.0,0.06476192735050215,0.2740035798631291,0.35592826384828724
1,0.011698083167702643,0.011698083167702643,0.023396166335405286,0.07018849900621585,0.05849041583851321,0.035094249503107924,0.0,0.08188658217391849,0.0,0.011698083167702643,0.0,0.0,0.04679233267081057,0.11698083167702641,0.0,0.0,0.27493940805003525,0.257137265241859
1,0.0,0.0,0.0,0.020615527638758506,0.020615527638758506,0.09276987437441327,0.010307763819379253,0.08246211055503402,0.0,0.030923291458137755,0.010307763819379253,0.0,0.0,0.09276987437441327,0.020615527638758506,0.030923291458137755,0.2687888302568679,0.31890061696796196
1,0.00973429352405212,0.01946858704810424,0.06814005466836483,0.029202880572156358,0.03893717409620848,0.0,0.01946858704810424,0.00973429352405212,0.058405761144312715,0.01946858704810424,0.01946858704810424,0.029202880572156358,0.01946858704810424,0.029202880572156358,0.00973429352405212,0.00973429352405212,0.358635055759619,0.2519932032782962
1,0.03418631542587388,0.0,0.07691920970821624,0.01709315771293694,0.01709315771293694,0.00854657885646847,0.0,0.00854657885646847,0.05982605199527929,0.01709315771293694,0.04273289428234235,0.00854657885646847,0.01709315771293694,0.00854657885646847,0.00854657885646847,0.01709315771293694,0.3406472093751986,0.3174896363660626
1,0.00941606194600315,0.02824818583800945,0.0,0.0188321238920063,0.02824818583800945,0.0188321238920063,0.0188321238920063,0.06591243362202205,0.0,0.04708030973001575,0.0,0.02824818583800945,0.0188321238920063,0.02824818583800945,0.0564963716760189,0.00941606194600315,0.3155902671978785,0.3077672549619955
1,0.019597420440705154,0.009798710220352577,0.0,0.04899355110176288,0.009798710220352577,0.029396130661057725,0.04899355110176288,0.019597420440705154,0.029396130661057725,0.009798710220352577,0.029396130661057725,0.019597420440705154,0.019597420440705154,0.05879226132211545,0.009798710220352577,0.029396130661057725,0.325646742054604,0.2824048491312931
1,0.04895494649242355,0.02937296789545413,0.03916395719393884,0.00979098929848471,0.04895494649242355,0.00979098929848471,0.0,0.02937296789545413,0.01958197859696942,0.01958197859696942,0.01958197859696942,0.01958197859696942,0.01958197859696942,0.01958197859696942,0.01958197859696942,0.03916395719393884,0.2806044944150004,0.32775593364561123
1,0.0,0.0,0.011260378013020182,0.06756226807812109,0.07882264609114126,0.011260378013020182,0.022520756026040364,0.011260378013020182,0.0,0.011260378013020182,0.011260378013020182,0.056301890065100904,0.011260378013020182,0.10134340211718164,0.022520756026040364,0.033781134039060544,0.26173749263159646,0.2878473868475963
1,0.037986831721248504,0.037986831721248504,0.018993415860624252,0.009496707930312126,0.018993415860624252,0.018993415860624252,0.028490123790936375,0.018993415860624252,0.028490123790936375,0.009496707930312126,0.018993415860624252,0.028490123790936375,0.018993415860624252,0.018993415860624252,0.018993415860624252,0.04748353965156062,0.2790343959962906,0.3410972867912245
1,0.011389102724685594,0.02277820544937119,0.0,0.0,0.02277820544937119,0.05694551362342797,0.02277820544937119,0.11389102724685594,0.0,0.02277820544937119,0.02277820544937119,0.011389102724685594,0.0,0.10250192452217036,0.011389102724685594,0.03416730817405678,0.2464892761994483,0.29794661481312773
1,0.0,0.0604501808526847,0.0,0.01209003617053694,0.03627010851161082,0.01209003617053694,0.0,0.10881032553483246,0.0,0.01209003617053694,0.01209003617053694,0.02418007234107388,0.03627010851161082,0.07254021702322164,0.03627010851161082,0.0604501808526847,0.23898237212980564,0.27741618104871696
1,0.00878187061978694,0.01756374123957388,0.03512748247914776,0.026345611859360817,0.0,0.00878187061978694,0.026345611859360817,0.0,0.07903683557808246,0.0,0.05269122371872163,0.026345611859360817,0.0,0.00878187061978694,0.0439093530989347,0.01756374123957388,0.33983453512021844,0.30889064008830414
1,0.029293727162464284,0.009764575720821428,0.03905830288328571,0.03905830288328571,0.019529151441642856,0.0,0.009764575720821428,0.009764575720821428,0.03905830288328571,0.009764575720821428,0.029293727162464284,0.03905830288328571,0.029293727162464284,0.019529151441642856,0.029293727162464284,0.03905830288328571,0.32167963858208243,0.2877373325850604
1,0.03591727142147398,0.011972423807157996,0.03591727142147398,0.03591727142147398,0.011972423807157996,0.023944847614315992,0.011972423807157996,0.03591727142147398,0.023944847614315992,0.023944847614315992,0.023944847614315992,0.03591727142147398,0.047889695228631984,0.023944847614315992,0.03591727142147398,0.059862119035789974,0.2537725241043058,0.26733052360937454
1,0.02803508830534626,0.00934502943511542,0.06541520604580793,0.00934502943511542,0.00934502943511542,0.0,0.01869005887023084,0.0,0.06541520604580793,0.00934502943511542,0.06541520604580793,0.02803508830534626,0.00934502943511542,0.00934502943511542,0.01869005887023084,0.02803508830534626,0.32873958771334394,0.29745923488203924
1,0.036728052530755756,0.009182013132688939,0.05509207879613363,0.027546039398066813,0.018364026265377878,0.0,0.018364026265377878,0.0,0.045910065663444695,0.018364026265377878,0.018364026265377878,0.036728052530755756,0.018364026265377878,0.009182013132688939,0.027546039398066813,0.027546039398066813,0.3464942023456129,0.28622527234682965
1,0.05398076956861197,0.026990384784305984,0.01799358985620399,0.01799358985620399,0.026990384784305984,0.01799358985620399,0.008996794928101995,0.05398076956861197,0.01799358985620399,0.026990384784305984,0.0,0.0,0.01799358985620399,0.026990384784305984,0.01799358985620399,0.026990384784305984,0.315933223546176,0.3241949793297443
1,0.03441554142292573,0.008603885355731433,0.03441554142292573,0.025811656067194294,0.025811656067194294,0.008603885355731433,0.0,0.03441554142292573,0.008603885355731433,0.03441554142292573,0.017207770711462865,0.0,0.03441554142292573,0.017207770711462865,0.017207770711462865,0.04301942677865716,0.28196834086275213,0.37387624490799054
1,0.010594479547092778,0.03178343864127833,0.021188959094185555,0.04237791818837111,0.06356687728255667,0.04237791818837111,0.0,0.05297239773546389,0.0,0.021188959094185555,0.0,0.010594479547092778,0.03178343864127833,0.05297239773546389,0.010594479547092778,0.03178343864127833,0.2637871573901333,0.31243366072615547
1,0.010715605736227483,0.010715605736227483,0.04286242294490993,0.021431211472454966,0.021431211472454966,0.05357802868113742,0.0,0.021431211472454966,0.021431211472454966,0.0,0.021431211472454966,0.04286242294490993,0.03214681720868245,0.04286242294490993,0.021431211472454966,0.0642936344173649,0.23757121090886246,0.3338045596420382
1,0.009880957794882222,0.029642873384646665,0.0,0.0,0.019761915589764444,0.019761915589764444,0.009880957794882222,0.10869053574370445,0.009880957794882222,0.029642873384646665,0.0,0.0,0.0,0.08892862015394,0.029642873384646665,0.03952383117952889,0.3054830857216833,0.29927860248302784
1,0.039745218453829875,0.029808913840372406,0.04968152306728735,0.019872609226914938,0.029808913840372406,0.0,0.0,0.019872609226914938,0.05961782768074481,0.0,0.039745218453829875,0.029808913840372406,0.009936304613457469,0.019872609226914938,0.039745218453829875,0.009936304613457469,0.2921610418391518,0.31038677362254957
1,0.037125287322593854,0.018562643661296927,0.037125287322593854,0.018562643661296927,0.037125287322593854,0.009281321830648464,0.009281321830648464,0.037125287322593854,0.018562643661296927,0.02784396549194539,0.009281321830648464,0.009281321830648464,0.02784396549194539,0.02784396549194539,0.009281321830648464,0.037125287322593854,0.2829740081803039,0.34577311859375753
1,0.040829988583802775,0.008165997716760555,0.04899598630056333,0.057161984017323884,0.008165997716760555,0.0,0.0,0.0,0.073493979450845,0.0,0.008165997716760555,0.008165997716760555,0.03266399086704222,0.0,0.040829988583802775,0.0,0.33281090723265533,0.3405491840969225
1,0.020712219774223814,0.020712219774223814,0.0,0.03106832966133572,0.020712219774223814,0.03106832966133572,0.0,0.051780549435559535,0.0,0.010356109887111907,0.010356109887111907,0.020712219774223814,0.03106832966133572,0.051780549435559535,0.03106832966133572,0.08284887909689526,0.24025191701507218,0.34550368750045146
1,0.0,0.029739002685575375,0.009913000895191792,0.009913000895191792,0.019826001790383584,0.029739002685575375,0.029739002685575375,0.04956500447595896,0.019826001790383584,0.029739002685575375,0.019826001790383584,0.029739002685575375,0.009913000895191792,0.03965200358076717,0.03965200358076717,0.029739002685575375,0.2924884163809423,0.31099154781138594
1,0.05617881580936188,0.008025545115623128,0.04815327069373876,0.03210218046249251,0.016051090231246255,0.008025545115623128,0.0,0.0,0.07222990604060814,0.008025545115623128,0.03210218046249251,0.0,0.008025545115623128,0.0,0.03210218046249251,0.0,0.3104259472466764,0.3685522481283985
1,0.010685461706600504,0.010685461706600504,0.021370923413201008,0.021370923413201008,0.03205638511980151,0.021370923413201008,0.0,0.09616915535940454,0.0,0.03205638511980151,0.0,0.021370923413201008,0.021370923413201008,0.08548369365280403,0.03205638511980151,0.021370923413201008,0.2820098779720995,0.2905716537638804
1,0.04498953324816127,0.0,0.04498953324816127,0.01799581329926451,0.01799581329926451,0.008997906649632254,0.008997906649632254,0.01799581329926451,0.03599162659852902,0.01799581329926451,0.02699371994889676,0.02699371994889676,0.008997906649632254,0.02699371994889676,0.03599162659852902,0.01799581329926451,0.30350695171499237,0.33657678229971755
1,0.03132966490986652,0.02088644327324435,0.0,0.03132966490986652,0.05221610818311087,0.0,0.010443221636622174,0.0417728865464887,0.0,0.02088644327324435,0.010443221636622174,0.03132966490986652,0.010443221636622174,0.06265932981973305,0.0417728865464887,0.05221610818311087,0.2887752629308569,0.29349587160425605
1,0.054322109106317,0.0271610545531585,0.045268424255264166,0.045268424255264166,0.0271610545531585,0.009053684851052833,0.018107369702105667,0.0,0.054322109106317,0.0,0.018107369702105667,0.009053684851052833,0.036214739404211334,0.018107369702105667,0.0,0.0,0.33900434004956764,0.2988482659083191
1,0.04314611360779866,0.008629222721559731,0.060404559050918114,0.0,0.025887668164679193,0.051775336329358386,0.008629222721559731,0.017258445443119462,0.051775336329358386,0.025887668164679193,0.017258445443119462,0.0,0.0,0.017258445443119462,0.008629222721559731,0.008629222721559731,0.3058387341330376,0.34899235700457315
1,0.0335184303332042,0.04469124044427227,0.022345620222136136,0.022345620222136136,0.0670368606664084,0.04469124044427227,0.0,0.04469124044427227,0.011172810111068068,0.011172810111068068,0.0,0.022345620222136136,0.011172810111068068,0.0670368606664084,0.022345620222136136,0.022345620222136136,0.2645809093720929,0.28850668618518444
1,0.0,0.0,0.05371439703117981,0.017904799010393272,0.0,0.008952399505196636,0.008952399505196636,0.026857198515589906,0.04476199752598318,0.026857198515589906,0.05371439703117981,0.017904799010393272,0.026857198515589906,0.008952399505196636,0.035809598020786544,0.026857198515589906,0.2999337063954264,0.3419703133967081
1,0.03554650398556261,0.008886625996390653,0.03554650398556261,0.03554650398556261,0.026659877989171955,0.0,0.008886625996390653,0.026659877989171955,0.03554650398556261,0.026659877989171955,0.026659877989171955,0.008886625996390653,0.017773251992781305,0.026659877989171955,0.017773251992781305,0.017773251992781305,0.3329417256042046,0.3115932345401692
1,0.0501506904862169,0.0501506904862169,0.0,0.0,0.03009041429173014,0.06018082858346028,0.03009041429173014,0.0501506904862169,0.020060276194486762,0.0,0.0,0.010030138097243381,0.0,0.0501506904862169,0.010030138097243381,0.040120552388973524,0.26986959523351906,0.3289248808767457
1,0.03244505399840138,0.008111263499600344,0.04055631749800172,0.04055631749800172,0.01622252699920069,0.0,0.0,0.024333790498801033,0.056778844497202406,0.008111263499600344,0.0,0.0,0.01622252699920069,0.024333790498801033,0.024333790498801033,0.03244505399840138,0.32744424099463876,0.34810521902134745
1,0.04295122581099873,0.0,0.05368903226374841,0.05368903226374841,0.021475612905499365,0.0,0.0,0.0,0.03221341935824904,0.010737806452749682,0.010737806452749682,0.06442683871649808,0.05368903226374841,0.010737806452749682,0.05368903226374841,0.021475612905499365,0.3039336267631103,0.26655411512690247
1,0.048273416563557124,0.0386187332508457,0.028964049938134274,0.028964049938134274,0.05792809987626855,0.01930936662542285,0.0,0.028964049938134274,0.028964049938134274,0.009654683312711425,0.009654683312711425,0.009654683312711425,0.009654683312711425,0.0386187332508457,0.01930936662542285,0.009654683312711425,0.29424741075453437,0.3195652567370086
1,0.03148583886971332,0.020990559246475547,0.020990559246475547,0.020990559246475547,0.041981118492951094,0.03148583886971332,0.0,0.06297167773942663,0.0,0.020990559246475547,0.010495279623237774,0.010495279623237774,0.020990559246475547,0.0734669573626644,0.010495279623237774,0.041981118492951094,0.24256532831139888,0.3376234867590902
1,0.018752588277899114,0.02812888241684867,0.018752588277899114,0.009376294138949557,0.03750517655579823,0.07501035311159646,0.02812888241684867,0.02812888241684867,0.009376294138949557,0.03750517655579823,0.009376294138949557,0.009376294138949557,0.009376294138949557,0.02812888241684867,0.009376294138949557,0.018752588277899114,0.269432815308238,0.35551541913377965
1,0.029456404404551873,0.019637602936367918,0.019637602936367918,0.029456404404551873,0.009818801468183959,0.009818801468183959,0.0,0.029456404404551873,0.029456404404551873,0.009818801468183959,0.0687316102772877,0.029456404404551873,0.019637602936367918,0.009818801468183959,0.04909400734091979,0.029456404404551873,0.24145662357662195,0.3657913176960197
1,0.0475647884782473,0.01902591539129892,0.01902591539129892,0.02853887308694838,0.02853887308694838,0.03805183078259784,0.03805183078259784,0.02853887308694838,0.01902591539129892,0.0475647884782473,0.00951295769564946,0.0,0.01902591539129892,0.02853887308694838,0.0,0.00951295769564946,0.3133910090574379,0.3060906831165839
1,0.018101984280551243,0.018101984280551243,0.045254960701378105,0.03620396856110249,0.06335694498192934,0.0,0.009050992140275622,0.009050992140275622,0.018101984280551243,0.03620396856110249,0.027152976420826865,0.018101984280551243,0.018101984280551243,0.03620396856110249,0.009050992140275622,0.0,0.30723522163352834,0.33072509275544665
1,0.009407921724851134,0.028223765174553397,0.028223765174553397,0.009407921724851134,0.047039608624255665,0.009407921724851134,0.037631686899404534,0.018815843449702267,0.028223765174553397,0.047039608624255665,0.018815843449702267,0.028223765174553397,0.0,0.028223765174553397,0.028223765174553397,0.009407921724851134,0.3399492282646031,0.28373390274135146
1,0.026753011983076357,0.008917670661025452,0.017835341322050904,0.03567068264410181,0.0,0.0,0.017835341322050904,0.0,0.03567068264410181,0.008917670661025452,0.06242369462717816,0.04458835330512726,0.017835341322050904,0.0,0.06242369462717816,0.017835341322050904,0.3100152382239058,0.3332779353350761
1,0.0,0.012442516826511785,0.0,0.012442516826511785,0.02488503365302357,0.02488503365302357,0.02488503365302357,0.13686768509162964,0.0,0.012442516826511785,0.0,0.02488503365302357,0.0,0.16175271874465322,0.012442516826511785,0.04977006730604714,0.28188625355077923,0.22041307338874935
1,0.010377078408283993,0.0,0.04150831363313597,0.031131235224851977,0.010377078408283993,0.020754156816567986,0.031131235224851977,0.020754156816567986,0.04150831363313597,0.010377078408283993,0.020754156816567986,0.031131235224851977,0.020754156816567986,0.05188539204141997,0.010377078408283993,0.062262470449703955,0.30470578682798155,0.28021107684065877
1,0.0,0.0,0.00980626089199326,0.029418782675979777,0.00980626089199326,0.01961252178398652,0.01961252178398652,0.06864382624395281,0.00980626089199326,0.00980626089199326,0.0,0.00980626089199326,0.00980626089199326,0.0980626089199326,0.0,0.0980626089199326,0.28862803072804954,0.31912153359222006
1,0.020262536422480788,0.030393804633721176,0.020262536422480788,0.010131268211240394,0.020262536422480788,0.010131268211240394,0.020262536422480788,0.05065634105620196,0.020262536422480788,0.020262536422480788,0.010131268211240394,0.030393804633721176,0.010131268211240394,0.05065634105620196,0.030393804633721176,0.05065634105620196,0.3069652591710783,0.2877840123793059
1,0.01912278241983368,0.00956139120991684,0.03824556483966736,0.00956139120991684,0.028684173629750516,0.01912278241983368,0.00956139120991684,0.047806956049584196,0.01912278241983368,0.01912278241983368,0.01912278241983368,0.01912278241983368,0.00956139120991684,0.047806956049584196,0.00956139120991684,0.05736834725950103,0.2872097242014562,0.3303346274018703
1,0.03107939212476843,0.051798986874614046,0.0,0.02071959474984562,0.04143918949969124,0.03107939212476843,0.02071959474984562,0.03107939212476843,0.01035979737492281,0.01035979737492281,0.01035979737492281,0.02071959474984562,0.02071959474984562,0.03107939212476843,0.02071959474984562,0.06215878424953686,0.2763391286791857,0.3092689763239019
1,0.011089216189187083,0.022178432378374167,0.0,0.011089216189187083,0.033267648567561245,0.055446080945935415,0.022178432378374167,0.06653529713512249,0.011089216189187083,0.0,0.0,0.033267648567561245,0.0,0.09980294570268375,0.011089216189187083,0.06653529713512249,0.26589548273531616,0.29053586969720063
1,0.04738982231164465,0.00947796446232893,0.04738982231164465,0.01895592892465786,0.01895592892465786,0.0,0.0,0.00947796446232893,0.04738982231164465,0.00947796446232893,0.04738982231164465,0.028433893386986788,0.00947796446232893,0.01895592892465786,0.03791185784931572,0.028433893386986788,0.3157654062515787,0.3051160152552641
1,0.010286497938483623,0.020572995876967246,0.010286497938483623,0.020572995876967246,0.020572995876967246,0.04114599175393449,0.0,0.08229198350786898,0.010286497938483623,0.0,0.010286497938483623,0.010286497938483623,0.010286497938483623,0.08229198350786898,0.010286497938483623,0.07200548556938535,0.2716937929730862,0.3168462894875689
1,0.008926234393668412,0.0,0.03570493757467365,0.017852468787336824,0.008926234393668412,0.0,0.017852468787336824,0.008926234393668412,0.03570493757467365,0.017852468787336824,0.053557406362010465,0.03570493757467365,0.008926234393668412,0.017852468787336824,0.04463117196834206,0.04463117196834206,0.3160226623362924,0.32692796191697115
1,0.05055821209613422,0.0,0.04213184341344518,0.02527910604806711,0.008426368682689037,0.008426368682689037,0.0,0.02527910604806711,0.03370547473075615,0.02527910604806711,0.008426368682689037,0.008426368682689037,0.02527910604806711,0.008426368682689037,0.03370547473075615,0.03370547473075615,0.29891931394960736,0.3640259387428311
1,0.027352347760658407,0.009117449253552803,0.09117449253552802,0.0,0.027352347760658407,0.009117449253552803,0.0,0.009117449253552803,0.054704695521316814,0.018234898507105607,0.04558724626776401,0.018234898507105607,0.009117449253552803,0.009117449253552803,0.009117449253552803,0.027352347760658407,0.3070484543821386,0.3282535754757494
1,0.08546477736342876,0.02136619434085719,0.010683097170428596,0.02136619434085719,0.010683097170428596,0.010683097170428596,0.02136619434085719,0.032049291511285785,0.02136619434085719,0.0,0.0,0.032049291511285785,0.02136619434085719,0.04273238868171438,0.010683097170428596,0.08546477736342876,0.2591417637559655,0.31353434942689073
1,0.0335692977923617,0.025176973344271273,0.01678464889618085,0.025176973344271273,0.0,0.0,0.008392324448090425,0.0335692977923617,0.05874627113663297,0.01678464889618085,0.025176973344271273,0.008392324448090425,0.008392324448090425,0.0,0.050353946688542546,0.025176973344271273,0.31280988578062735,0.3514971362957557
1,0.07648552229056427,0.032779509553098975,0.010926503184366325,0.0437060127374653,0.0437060127374653,0.0437060127374653,0.0,0.032779509553098975,0.010926503184366325,0.0,0.0,0.010926503184366325,0.032779509553098975,0.0437060127374653,0.010926503184366325,0.0437060127374653,0.24725804103960636,0.3156818315857407
1,0.012172749838286593,0.036518249514859775,0.012172749838286593,0.04869099935314637,0.06086374919143296,0.036518249514859775,0.0,0.07303649902971955,0.0,0.012172749838286593,0.0,0.012172749838286593,0.024345499676573186,0.08520924886800614,0.024345499676573186,0.04869099935314637,0.2469117364613585,0.26617827000717786
1,0.03345254998162446,0.01672627499081223,0.008363137495406115,0.01672627499081223,0.025089412486218342,0.025089412486218342,0.0,0.03345254998162446,0.01672627499081223,0.025089412486218342,0.025089412486218342,0.0,0.0,0.01672627499081223,0.03345254998162446,0.0585419624678428,0.25598581955320393,0.4094886806305513
1,0.06151014913907414,0.03075507456953707,0.06151014913907414,0.02050338304635805,0.010251691523179025,0.0,0.010251691523179025,0.010251691523179025,0.05125845761589512,0.0,0.02050338304635805,0.0410067660927161,0.0410067660927161,0.0,0.03075507456953707,0.02050338304635805,0.2946716258321827,0.2952607132406563
1,0.026407726743667547,0.017605151162445033,0.052815453487335094,0.026407726743667547,0.026407726743667547,0.008802575581222516,0.017605151162445033,0.0,0.04401287790611258,0.017605151162445033,0.017605151162445033,0.035210302324890065,0.017605151162445033,0.008802575581222516,0.035210302324890065,0.0,0.3349014343920252,0.3129955423590741
1,0.011773637025333237,0.03532091107599971,0.011773637025333237,0.023547274050666474,0.04709454810133295,0.03532091107599971,0.0,0.04709454810133295,0.0,0.0,0.0,0.05886818512666618,0.023547274050666474,0.04709454810133295,0.04709454810133295,0.08241545917733265,0.232260870699986,0.29679364828668453
1,0.03506060219995269,0.0,0.07012120439990538,0.017530301099976345,0.052590903299929034,0.0,0.0,0.0,0.03506060219995269,0.04382575274994086,0.026295451649964517,0.017530301099976345,0.0,0.0,0.03506060219995269,0.017530301099976345,0.32579767809168836,0.3235962999087847
1,0.032488505625088974,0.010829501875029658,0.010829501875029658,0.032488505625088974,0.021659003750059316,0.021659003750059316,0.010829501875029658,0.04331800750011863,0.021659003750059316,0.0,0.0,0.032488505625088974,0.010829501875029658,0.06497701125017795,0.021659003750059316,0.09746551687526692,0.2705678956354192,0.2962520293633945
1,0.06306786932054677,0.0,0.04504847808610484,0.009009695617220969,0.0,0.0,0.018019391234441937,0.027029086851662904,0.04504847808610484,0.018019391234441937,0.018019391234441937,0.018019391234441937,0.018019391234441937,0.027029086851662904,0.018019391234441937,0.036038782468883875,0.33536543214328185,0.3042467431678794
1,0.019161306158453007,0.009580653079226504,0.02874195923767951,0.047903265396132516,0.009580653079226504,0.0,0.02874195923767951,0.038322612316906014,0.05748391847535902,0.009580653079226504,0.0,0.019161306158453007,0.019161306158453007,0.05748391847535902,0.019161306158453007,0.019161306158453007,0.3570590707939052,0.25971480603703473
1,0.010168832080288636,0.020337664160577272,0.0,0.05084416040144318,0.05084416040144318,0.020337664160577272,0.0,0.05084416040144318,0.0,0.010168832080288636,0.0,0.010168832080288636,0.020337664160577272,0.07118182456202045,0.020337664160577272,0.07118182456202045,0.2652896387307026,0.3279570780577519
1,0.043677482427866496,0.026206489456719897,0.026206489456719897,0.026206489456719897,0.008735496485573301,0.0,0.008735496485573301,0.017470992971146602,0.052412978913439795,0.008735496485573301,0.043677482427866496,0.017470992971146602,0.008735496485573301,0.0,0.043677482427866496,0.017470992971146602,0.30270994936979045,0.34787019120727763
1,0.0,0.0,0.02826353376624597,0.01884235584416398,0.0,0.00942117792208199,0.04710588961040995,0.01884235584416398,0.04710588961040995,0.02826353376624597,0.04710588961040995,0.03768471168832796,0.0,0.03768471168832796,0.03768471168832796,0.01884235584416398,0.3653814675873883,0.257771415529332
1,0.053408152667309215,0.032044891600385525,0.042726522133847374,0.010681630533461843,0.032044891600385525,0.06408978320077105,0.010681630533461843,0.021363261066923687,0.042726522133847374,0.010681630533461843,0.010681630533461843,0.021363261066923687,0.010681630533461843,0.032044891600385525,0.021363261066923687,0.010681630533461843,0.2962549537262021,0.2764798249353242
1,0.018911054361942084,0.018911054361942084,0.018911054361942084,0.028366581542913126,0.028366581542913126,0.018911054361942084,0.009455527180971042,0.028366581542913126,0.028366581542913126,0.009455527180971042,0.018911054361942084,0.018911054361942084,0.009455527180971042,0.03782210872388417,0.028366581542913126,0.05673316308582625,0.29404110836434927,0.327737804396809
1,0.02787895380690515,0.009292984602301718,0.018585969204603436,0.018585969204603436,0.009292984602301718,0.02787895380690515,0.018585969204603436,0.07434387681841374,0.018585969204603436,0.02787895380690515,0.009292984602301718,0.0,0.02787895380690515,0.06505089221611202,0.009292984602301718,0.009292984602301718,0.309453458255202,0.31882715765272934
1,0.07559372523238732,0.010799103604626763,0.03239731081388028,0.03239731081388028,0.021598207209253525,0.010799103604626763,0.0,0.021598207209253525,0.03239731081388028,0.010799103604626763,0.021598207209253525,0.03239731081388028,0.021598207209253525,0.021598207209253525,0.04319641441850705,0.04319641441850705,0.26735646587332923,0.30067938994160043
1,0.02736329184197276,0.018242194561315175,0.018242194561315175,0.018242194561315175,0.02736329184197276,0.05472658368394552,0.009121097280657587,0.04560548640328794,0.009121097280657587,0.02736329184197276,0.018242194561315175,0.009121097280657587,0.02736329184197276,0.02736329184197276,0.018242194561315175,0.009121097280657587,0.2732205107063677,0.3619355980673288
1,0.06919592325381455,0.017298980813453636,0.04324745203363409,0.02594847122018045,0.02594847122018045,0.0,0.008649490406726818,0.0,0.03459796162690727,0.017298980813453636,0.017298980813453636,0.02594847122018045,0.017298980813453636,0.008649490406726818,0.02594847122018045,0.008649490406726818,0.29964168994175716,0.35437869378917003
1,0.07434067021000154,0.009292583776250193,0.055755502657501156,0.009292583776250193,0.03717033510500077,0.0,0.0,0.027877751328750578,0.027877751328750578,0.027877751328750578,0.03717033510500077,0.009292583776250193,0.009292583776250193,0.027877751328750578,0.009292583776250193,0.009292583776250193,0.29204266792036715,0.3362539810296251
1,0.008692686347633705,0.026078059042901114,0.03477074539053482,0.04346343173816852,0.04346343173816852,0.008692686347633705,0.01738537269526741,0.008692686347633705,0.05215611808580223,0.01738537269526741,0.008692686347633705,0.0,0.008692686347633705,0.026078059042901114,0.01738537269526741,0.026078059042901114,0.3531278576639379,0.29916468843071387
1,0.05298969078205722,0.0,0.05298969078205722,0.02649484539102861,0.00883161513034287,0.0,0.00883161513034287,0.0,0.061821305912400086,0.00883161513034287,0.03532646052137148,0.01766323026068574,0.00883161513034287,0.00883161513034287,0.03532646052137148,0.02649484539102861,0.32307680426900864,0.3236585905172766
1,0.0,0.02119347483833532,0.0,0.04238694967667064,0.03179021225750298,0.03179021225750298,0.02119347483833532,0.052983687095838304,0.02119347483833532,0.0,0.0,0.02119347483833532,0.0,0.08477389935334129,0.03179021225750298,0.06358042451500596,0.3138929416267949,0.2622375616064987
1,0.037949697729797185,0.02276981863787831,0.037949697729797185,0.015179879091918876,0.0,0.0,0.015179879091918876,0.015179879091918876,0.06830945591363494,0.007589939545959438,0.037949697729797185,0.0,0.007589939545959438,0.0,0.02276981863787831,0.015179879091918876,0.3290770809720507,0.3673253371895719
1,0.062208657198976024,0.0,0.07603280324319292,0.02073621906632534,0.006912073022108447,0.0,0.0,0.0,0.07603280324319292,0.006912073022108447,0.0,0.006912073022108447,0.006912073022108447,0.0,0.013824146044216895,0.0,0.37270547969546636,0.35081159942019585
1,0.0,0.032541577262642264,0.010847192420880756,0.032541577262642264,0.05423596210440378,0.05423596210440378,0.0,0.032541577262642264,0.010847192420880756,0.010847192420880756,0.021694384841761512,0.0,0.0,0.05423596210440378,0.010847192420880756,0.10847192420880757,0.23362563676520615,0.33248666639956365
1,0.03409313799757245,0.03409313799757245,0.059662991495751785,0.017046568998786225,0.051139706996358676,0.017046568998786225,0.008523284499393113,0.0,0.051139706996358676,0.017046568998786225,0.017046568998786225,0.008523284499393113,0.0,0.017046568998786225,0.008523284499393113,0.0,0.318616925891894,0.3404516941323817
1,0.0,0.0,0.010430966190141968,0.020861932380283936,0.0,0.020861932380283936,0.010430966190141968,0.07301676333099376,0.0,0.010430966190141968,0.010430966190141968,0.04172386476056787,0.0312928985704259,0.07301676333099376,0.0312928985704259,0.08344772952113574,0.27744851788803715,0.3053128345062842
1,0.05882027903103685,0.008402897004433836,0.04201448502216918,0.008402897004433836,0.0,0.0,0.008402897004433836,0.0,0.04201448502216918,0.0,0.050417382026603015,0.033611588017735346,0.016805794008867673,0.0,0.025208691013301508,0.04201448502216918,0.27336789356517993,0.3905162262574667
1,0.034579538920399444,0.0,0.034579538920399444,0.05186930838059916,0.017289769460199722,0.0,0.008644884730099861,0.008644884730099861,0.043224423650499305,0.017289769460199722,0.017289769460199722,0.017289769460199722,0.017289769460199722,0.017289769460199722,0.034579538920399444,0.02593465419029958,0.3253375657941409,0.32886704500186453
1,0.06704529922459945,0.0,0.04190331201537466,0.008380662403074932,0.025141987209224795,0.0,0.008380662403074932,0.016761324806149863,0.008380662403074932,0.04190331201537466,0.008380662403074932,0.025141987209224795,0.008380662403074932,0.008380662403074932,0.033522649612299726,0.033522649612299726,0.28971618783820735,0.3750573160387955
1,0.05246470218370039,0.05246470218370039,0.010492940436740079,0.031478821310220235,0.041971761746960316,0.0,0.0,0.06295764262044047,0.010492940436740079,0.010492940436740079,0.0,0.0,0.041971761746960316,0.031478821310220235,0.020985880873480158,0.05246470218370039,0.25345611695345793,0.32682626557693906
1,0.06496580397695925,0.008120725497119907,0.040603627485599536,0.016241450994239813,0.02436217649135972,0.0,0.016241450994239813,0.008120725497119907,0.032482901988479626,0.02436217649135972,0.016241450994239813,0.016241450994239813,0.016241450994239813,0.016241450994239813,0.016241450994239813,0.008120725497119907,0.29574362671011567,0.37942735340508815
1,0.04932149512411564,0.00986429902482313,0.03945719609929252,0.03945719609929252,0.00986429902482313,0.00986429902482313,0.0,0.01972859804964626,0.04932149512411564,0.0,0.01972859804964626,0.03945719609929252,0.029592897074469385,0.00986429902482313,0.04932149512411564,0.01972859804964626,0.2781108106179469,0.327317228389128
1,0.026920071786030928,0.00897335726201031,0.053840143572061856,0.01794671452402062,0.01794671452402062,0.03589342904804124,0.00897335726201031,0.026920071786030928,0.053840143572061856,0.01794671452402062,0.01794671452402062,0.00897335726201031,0.00897335726201031,0.026920071786030928,0.01794671452402062,0.00897335726201031,0.3248854091471302,0.3161803003724575
1,0.03869601984193401,0.009674004960483502,0.048370024802417505,0.019348009920967003,0.0,0.0,0.009674004960483502,0.009674004960483502,0.048370024802417505,0.009674004960483502,0.058044029762901,0.03869601984193401,0.03869601984193401,0.0,0.03869601984193401,0.019348009920967003,0.29737983740131757,0.31565996417934233
1,0.030487200807622083,0.030487200807622083,0.0,0.020324800538414723,0.040649601076829446,0.040649601076829446,0.020324800538414723,0.050812001346036806,0.0,0.020324800538414723,0.010162400269207362,0.0,0.0,0.07113680188445153,0.0,0.07113680188445153,0.25225943487721225,0.34124455435449336
1,0.011662924341424507,0.023325848682849013,0.023325848682849013,0.046651697365698026,0.046651697365698026,0.023325848682849013,0.0,0.046651697365698026,0.0,0.011662924341424507,0.0,0.023325848682849013,0.046651697365698026,0.05831462170712253,0.023325848682849013,0.08164047038997153,0.245631075213436,0.2878519511295839
1,0.030609951117135593,0.020406634078090395,0.010203317039045198,0.04081326815618079,0.04081326815618079,0.04081326815618079,0.0,0.030609951117135593,0.020406634078090395,0.010203317039045198,0.0,0.010203317039045198,0.020406634078090395,0.04081326815618079,0.030609951117135593,0.061219902234271185,0.25404710596993557,0.3378202124682566
1,0.009274969669649615,0.01854993933929923,0.0649247876875473,0.01854993933929923,0.01854993933929923,0.0,0.03709987867859846,0.009274969669649615,0.05564981801789768,0.009274969669649615,0.03709987867859846,0.02782490900894884,0.01854993933929923,0.03709987867859846,0.0,0.009274969669649615,0.32916494594609663,0.2998362672679189
1,0.04459687332417339,0.01783874932966936,0.026758123994504033,0.01783874932966936,0.00891937466483468,0.01783874932966936,0.01783874932966936,0.01783874932966936,0.053516247989008066,0.01783874932966936,0.0,0.01783874932966936,0.0,0.01783874932966936,0.03567749865933872,0.04459687332417339,0.3498777255210898,0.29334728788552306
1,0.020123360266234375,0.03018504039935156,0.0,0.06037008079870312,0.06037008079870312,0.020123360266234375,0.010061680133117187,0.05030840066558593,0.020123360266234375,0.010061680133117187,0.0,0.0,0.010061680133117187,0.0804934410649375,0.020123360266234375,0.010061680133117187,0.297393745219569,0.3001390494557435
1,0.010291380033670838,0.020582760067341676,0.010291380033670838,0.051456900168354185,0.04116552013468335,0.010291380033670838,0.0,0.06174828020202502,0.010291380033670838,0.020582760067341676,0.0,0.0,0.03087414010101251,0.06174828020202502,0.020582760067341676,0.06174828020202502,0.27944085863973483,0.30890394001343174
1,0.01901565351081776,0.00950782675540888,0.0,0.02852348026622664,0.01901565351081776,0.00950782675540888,0.0,0.07606261404327104,0.00950782675540888,0.01901565351081776,0.01901565351081776,0.00950782675540888,0.00950782675540888,0.05704696053245328,0.03803130702163552,0.05704696053245328,0.26059954358213444,0.3590873862015103
1,0.00982480332907922,0.01964960665815844,0.01964960665815844,0.00982480332907922,0.00982480332907922,0.02947440998723766,0.00982480332907922,0.08842322996171298,0.02947440998723766,0.00982480332907922,0.0,0.0,0.01964960665815844,0.06877362330355453,0.00982480332907922,0.05894881997447532,0.3291283107681734,0.27787955606865783
1,0.01972769583790194,0.03945539167580388,0.00986384791895097,0.03945539167580388,0.06904693543265678,0.04931923959475484,0.01972769583790194,0.01972769583790194,0.00986384791895097,0.01972769583790194,0.00986384791895097,0.00986384791895097,0.00986384791895097,0.03945539167580388,0.00986384791895097,0.01972769583790194,0.2987885066715351,0.3066575765704261
1,0.05823617640161388,0.02911808820080694,0.02911808820080694,0.048530147001344906,0.05823617640161388,0.00970602940026898,0.00970602940026898,0.0,0.01941205880053796,0.00970602940026898,0.0,0.01941205880053796,0.02911808820080694,0.02911808820080694,0.00970602940026898,0.02911808820080694,0.2791191795887991,0.3326396444004417
1,0.05149518989055734,0.02574759494527867,0.04291265824213112,0.02574759494527867,0.02574759494527867,0.008582531648426223,0.017165063296852447,0.008582531648426223,0.06007772153898356,0.017165063296852447,0.008582531648426223,0.008582531648426223,0.017165063296852447,0.008582531648426223,0.017165063296852447,0.0,0.34734782089721433,0.3093509131657368
1,0.010263572556146346,0.030790717668439035,0.030790717668439035,0.010263572556146346,0.041054290224585385,0.0,0.0,0.030790717668439035,0.030790717668439035,0.020527145112292693,0.041054290224585385,0.030790717668439035,0.0,0.020527145112292693,0.05131786278073173,0.06158143533687807,0.2668594413179311,0.3225976564362151
1,0.025959711077439832,0.017306474051626556,0.03461294810325311,0.03461294810325311,0.017306474051626556,0.0,0.03461294810325311,0.008653237025813278,0.051919422154879664,0.017306474051626556,0.017306474051626556,0.017306474051626556,0.017306474051626556,0.017306474051626556,0.025959711077439832,0.008653237025813278,0.3836066595874676,0.27026385938000136
1,0.027240648098428178,0.03632086413123757,0.06356151222966575,0.009080216032809393,0.027240648098428178,0.0,0.04540108016404697,0.0,0.08172194429528454,0.027240648098428178,0.018160432065618785,0.009080216032809393,0.0,0.009080216032809393,0.009080216032809393,0.0,0.45905800094618615,0.1777333577414383
1,0.05328626985722981,0.010657253971445964,0.07460077780012174,0.031971761914337885,0.042629015885783855,0.0,0.0,0.010657253971445964,0.042629015885783855,0.010657253971445964,0.021314507942891928,0.042629015885783855,0.031971761914337885,0.031971761914337885,0.021314507942891928,0.0,0.3017564270931195,0.27195341404904194
1,0.008466640888963267,0.025399922666889795,0.0,0.0,0.008466640888963267,0.016933281777926534,0.05079984533377959,0.025399922666889795,0.008466640888963267,0.05079984533377959,0.025399922666889795,0.025399922666889795,0.008466640888963267,0.008466640888963267,0.03386656355585307,0.04233320444481633,0.31772152489617167,0.3436128395452977
1,0.020419199761539903,0.020419199761539903,0.0,0.040838399523079806,0.030628799642309853,0.010209599880769952,0.0,0.051047999403849756,0.010209599880769952,0.0,0.0,0.010209599880769952,0.020419199761539903,0.061257599284619706,0.020419199761539903,0.11230559868846948,0.24511988244894153,0.3464961223202604
1,0.01933561367712949,0.0,0.04833903419282372,0.01933561367712949,0.029003420515694232,0.01933561367712949,0.009667806838564745,0.009667806838564745,0.04833903419282372,0.009667806838564745,0.01933561367712949,0.03867122735425898,0.0,0.03867122735425898,0.03867122735425898,0.03867122735425898,0.3576529077949672,0.2556348186624429
1,0.01961085608799118,0.029416284131986766,0.00980542804399559,0.04902714021997795,0.04902714021997795,0.04902714021997795,0.0,0.029416284131986766,0.029416284131986766,0.0,0.0,0.00980542804399559,0.00980542804399559,0.04902714021997795,0.01961085608799118,0.03922171217598236,0.30104464371655326,0.30673823452362325
1,0.049403005471959104,0.029641803283175464,0.019761202188783644,0.03952240437756729,0.049403005471959104,0.03952240437756729,0.019761202188783644,0.0,0.009880601094391822,0.019761202188783644,0.009880601094391822,0.029641803283175464,0.019761202188783644,0.029641803283175464,0.019761202188783644,0.009880601094391822,0.2688984507380531,0.33587750548627404
1,0.010772747313371609,0.043090989253486436,0.021545494626743218,0.010772747313371609,0.032318241940114824,0.05386373656685804,0.032318241940114824,0.010772747313371609,0.032318241940114824,0.021545494626743218,0.021545494626743218,0.043090989253486436,0.010772747313371609,0.010772747313371609,0.043090989253486436,0.032318241940114824,0.30979722742743965,0.25929288003769596
1,0.02199305513173729,0.02199305513173729,0.032989582697605935,0.02199305513173729,0.04398611026347458,0.032989582697605935,0.0,0.05498263782934322,0.02199305513173729,0.0,0.0,0.02199305513173729,0.010996527565868644,0.06597916539521187,0.010996527565868644,0.0769756929610805,0.2599917914715395,0.30014710589371485
1,0.025192681357859653,0.025192681357859653,0.008397560452619884,0.0,0.01679512090523977,0.025192681357859653,0.008397560452619884,0.05878292316833919,0.01679512090523977,0.03359024181047954,0.01679512090523977,0.0,0.0,0.025192681357859653,0.03359024181047954,0.04198780226309942,0.2760970816550402,0.38800050024016447
1,0.03227513440379635,0.0,0.02420635080284726,0.02420635080284726,0.008068783600949087,0.008068783600949087,0.03227513440379635,0.0,0.04841270160569452,0.016137567201898174,0.02420635080284726,0.016137567201898174,0.0,0.02420635080284726,0.02420635080284726,0.04034391800474543,0.3583424101770892,0.31890624578494736
1,0.06619135746941748,0.008273919683677185,0.049643518102063106,0.024821759051031553,0.024821759051031553,0.01654783936735437,0.008273919683677185,0.008273919683677185,0.041369598418385924,0.024821759051031553,0.024821759051031553,0.0,0.01654783936735437,0.008273919683677185,0.008273919683677185,0.0,0.31233812497733465,0.356705087675578
1,0.0,0.021245282183010313,0.021245282183010313,0.021245282183010313,0.05311320545752578,0.031867923274515465,0.0,0.08498112873204125,0.0,0.021245282183010313,0.0,0.0,0.010622641091505156,0.08498112873204125,0.0,0.07435848764053608,0.2829660406691162,0.2921283156706775
1,0.05893636956688283,0.0,0.03367792546679019,0.05051688820018528,0.016838962733395094,0.0,0.0,0.008419481366697547,0.05051688820018528,0.008419481366697547,0.016838962733395094,0.008419481366697547,0.008419481366697547,0.016838962733395094,0.042097406833487734,0.016838962733395094,0.2919135930532861,0.37130715227881195
1,0.059713555107471214,0.00853050787249589,0.059713555107471214,0.01706101574499178,0.0,0.0,0.00853050787249589,0.0,0.076774570852463,0.0,0.01706101574499178,0.025591523617487663,0.01706101574499178,0.0,0.025591523617487663,0.025591523617487663,0.32888635724512016,0.3298933278550443
1,0.03746443063444772,0.00936610765861193,0.01873221531722386,0.01873221531722386,0.00936610765861193,0.0,0.01873221531722386,0.01873221531722386,0.01873221531722386,0.028098322975835786,0.028098322975835786,0.046830538293059644,0.01873221531722386,0.00936610765861193,0.046830538293059644,0.046830538293059644,0.29652125169168464,0.3288344419638382
1,0.01059212785463453,0.03177638356390358,0.01059212785463453,0.0,0.02118425570926906,0.04236851141853812,0.0,0.08473702283707624,0.0,0.0,0.0,0.01059212785463453,0.01059212785463453,0.0741448949824417,0.0,0.12710553425561433,0.24004999285193032,0.33626489296268847
1,0.018960640772099493,0.009480320386049746,0.028440961158149237,0.028440961158149237,0.037921281544198986,0.028440961158149237,0.0,0.037921281544198986,0.009480320386049746,0.037921281544198986,0.009480320386049746,0.009480320386049746,0.018960640772099493,0.037921281544198986,0.018960640772099493,0.047401601930248734,0.26639738590597833,0.35438979865203185
1,0.07745173451748807,0.03319360050749489,0.011064533502498298,0.03319360050749489,0.03319360050749489,0.04425813400999319,0.03319360050749489,0.0,0.022129067004996596,0.0,0.022129067004996596,0.03319360050749489,0.03319360050749489,0.022129067004996596,0.011064533502498298,0.03319360050749489,0.2330362572614479,0.3243824026386203
1,0.0,0.02725028851633033,0.0,0.06812572129082582,0.05450057703266066,0.05450057703266066,0.0,0.10900115406532132,0.0,0.0,0.0,0.013625144258165165,0.04087543277449549,0.12262629832348648,0.013625144258165165,0.04087543277449549,0.2270301214487569,0.22796410822463667
1,0.04331040829743953,0.02598624497846372,0.04331040829743953,0.02598624497846372,0.04331040829743953,0.0,0.0,0.02598624497846372,0.05197248995692744,0.02598624497846372,0.008662081659487907,0.0,0.0,0.008662081659487907,0.04331040829743953,0.0,0.3072640830631041,0.3462526505573795
1,0.020140067406782213,0.040280134813564426,0.030210101110173315,0.020140067406782213,0.06042020222034663,0.06042020222034663,0.020140067406782213,0.010070033703391107,0.010070033703391107,0.040280134813564426,0.020140067406782213,0.020140067406782213,0.020140067406782213,0.020140067406782213,0.010070033703391107,0.0,0.2836513761222157,0.3135472757421403
1,0.017381098991565723,0.008690549495782861,0.043452747478914304,0.02607164848734858,0.02607164848734858,0.02607164848734858,0.017381098991565723,0.02607164848734858,0.05214329697469716,0.02607164848734858,0.0,0.0,0.008690549495782861,0.034762197983131446,0.017381098991565723,0.017381098991565723,0.3740147724427844,0.2783632477259012
1,0.037116907887929845,0.018558453943964923,0.07423381577585969,0.009279226971982461,0.018558453943964923,0.009279226971982461,0.009279226971982461,0.018558453943964923,0.05567536183189476,0.018558453943964923,0.018558453943964923,0.018558453943964923,0.02783768091594738,0.009279226971982461,0.009279226971982461,0.018558453943964923,0.35926123681667277,0.26956968430402894
1,0.02019234274436045,0.0403846854887209,0.010096171372180225,0.02019234274436045,0.010096171372180225,0.02019234274436045,0.030288514116540672,0.0403846854887209,0.030288514116540672,0.010096171372180225,0.02019234274436045,0.030288514116540672,0.02019234274436045,0.030288514116540672,0.030288514116540672,0.0403846854887209,0.310129920612308,0.2860232245004832
1,0.03940911136422718,0.009852277841056795,0.009852277841056795,0.059113667046340766,0.01970455568211359,0.009852277841056795,0.0,0.029556833523170383,0.029556833523170383,0.01970455568211359,0.0,0.01970455568211359,0.029556833523170383,0.009852277841056795,0.06896594488739756,0.03940911136422718,0.3020122574680036,0.30389662888972463
1,0.04350594945027485,0.01740237978010994,0.04350594945027485,0.02610356967016491,0.02610356967016491,0.0,0.0,0.02610356967016491,0.05220713934032982,0.00870118989005497,0.01740237978010994,0.01740237978010994,0.0,0.02610356967016491,0.03480475956021988,0.00870118989005497,0.3041548329907846,0.3477975714070168
1,0.04009805479666266,0.04009805479666266,0.010024513699165665,0.030073541097496995,0.04009805479666266,0.02004902739833133,0.030073541097496995,0.02004902739833133,0.02004902739833133,0.010024513699165665,0.030073541097496995,0.02004902739833133,0.02004902739833133,0.04009805479666266,0.010024513699165665,0.02004902739833133,0.25543898383351116,0.3435804681998623
1,0.008898733513365365,0.01779746702673073,0.05339240108019218,0.008898733513365365,0.03559493405346146,0.0,0.02669620054009609,0.01779746702673073,0.044493667566826815,0.03559493405346146,0.008898733513365365,0.01779746702673073,0.008898733513365365,0.02669620054009609,0.01779746702673073,0.02669620054009609,0.40550366188596304,0.23854699757942244
1,0.020392998508227837,0.030589497762341756,0.040785997016455675,0.010196499254113919,0.0509824962705696,0.06117899552468351,0.040785997016455675,0.010196499254113919,0.020392998508227837,0.040785997016455675,0.010196499254113919,0.020392998508227837,0.010196499254113919,0.030589497762341756,0.0,0.010196499254113919,0.34010409566938776,0.2520359341660556
1,0.05694401343062776,0.03416640805837665,0.022777605372251104,0.022777605372251104,0.022777605372251104,0.0,0.022777605372251104,0.03416640805837665,0.03416640805837665,0.0,0.0683328161167533,0.022777605372251104,0.022777605372251104,0.03416640805837665,0.022777605372251104,0.03416640805837665,0.25937866411059135,0.2850692284443866
1,0.04005616899576302,0.008011233799152603,0.048067402794915615,0.024033701397457807,0.0,0.008011233799152603,0.016022467598305206,0.0,0.08011233799152603,0.008011233799152603,0.03204493519661041,0.016022467598305206,0.0,0.008011233799152603,0.03204493519661041,0.0,0.34945769610623734,0.33009295192765864
1,0.03220354412040135,0.0,0.0,0.0429380588272018,0.03220354412040135,0.0214690294136009,0.0,0.0644070882408027,0.01073451470680045,0.0,0.0,0.0214690294136009,0.0,0.09661063236120404,0.03220354412040135,0.07514160294760314,0.28290163078252323,0.28771778094545863
1,0.03883463887750951,0.0,0.03106771110200761,0.03106771110200761,0.023300783326505703,0.023300783326505703,0.023300783326505703,0.007766927775501902,0.03883463887750951,0.03106771110200761,0.0,0.007766927775501902,0.007766927775501902,0.023300783326505703,0.015533855551003804,0.007766927775501902,0.33850317803949037,0.35081971094043357
1,0.026475501966969597,0.0088251673223232,0.026475501966969597,0.0353006692892928,0.0088251673223232,0.0088251673223232,0.0353006692892928,0.0088251673223232,0.044125836611615996,0.0176503346446464,0.0176503346446464,0.0176503346446464,0.0176503346446464,0.026475501966969597,0.0176503346446464,0.0353006692892928,0.3380659011928352,0.3089274059142368
1,0.041332766301877544,0.020666383150938772,0.010333191575469386,0.05166595787734692,0.041332766301877544,0.0,0.020666383150938772,0.030999574726408154,0.020666383150938772,0.010333191575469386,0.0,0.010333191575469386,0.010333191575469386,0.06199914945281631,0.010333191575469386,0.07233234102828569,0.29377060140584826,0.29290173557537647
1,0.039469837367605655,0.029602378025704236,0.019734918683802827,0.039469837367605655,0.05920475605140847,0.019734918683802827,0.019734918683802827,0.019734918683802827,0.009867459341901414,0.029602378025704236,0.009867459341901414,0.019734918683802827,0.019734918683802827,0.029602378025704236,0.019734918683802827,0.009867459341901414,0.2908985036033532,0.31440312272059023
1,0.04053453160035369,0.0,0.04864143792042442,0.016213812640141476,0.0,0.0,0.0,0.02432071896021221,0.04864143792042442,0.016213812640141476,0.04053453160035369,0.016213812640141476,0.016213812640141476,0.008106906320070738,0.04053453160035369,0.008106906320070738,0.32665134773607246,0.3490723994610981
1,0.0410034997400796,0.016401399896031843,0.0410034997400796,0.032802799792063686,0.016401399896031843,0.0,0.0,0.008200699948015922,0.06560559958412737,0.008200699948015922,0.016401399896031843,0.008200699948015922,0.008200699948015922,0.0,0.0410034997400796,0.02460209984404776,0.3092343001200975,0.3627377019592658
1,0.04378139171277283,0.03283604378457962,0.021890695856386415,0.021890695856386415,0.04378139171277283,0.0,0.010945347928193207,0.054726739640966034,0.010945347928193207,0.010945347928193207,0.0,0.04378139171277283,0.021890695856386415,0.054726739640966034,0.03283604378457962,0.03283604378457962,0.25106973746454747,0.3111163454077244
1,0.030129775891097586,0.030129775891097586,0.030129775891097586,0.030129775891097586,0.010043258630365863,0.030129775891097586,0.030129775891097586,0.030129775891097586,0.05021629315182931,0.020086517260731726,0.030129775891097586,0.010043258630365863,0.020086517260731726,0.030129775891097586,0.020086517260731726,0.0,0.35213768261226236,0.2461319721731033
1,0.0418839950848151,0.03141299631361132,0.02094199754240755,0.010470998771203775,0.010470998771203775,0.010470998771203775,0.010470998771203775,0.05235499385601887,0.02094199754240755,0.010470998771203775,0.0,0.03141299631361132,0.03141299631361132,0.03141299631361132,0.03141299631361132,0.07329699139842641,0.2478532011190446,0.33330684803280447
1,0.03554039023532707,0.0,0.044425487794158836,0.017770195117663534,0.0,0.017770195117663534,0.017770195117663534,0.008885097558831767,0.053310585352990596,0.008885097558831767,0.07108078047065414,0.026655292676495298,0.008885097558831767,0.008885097558831767,0.026655292676495298,0.008885097558831767,0.29541401325733274,0.3491820843893965
1,0.03970851207712585,0.009927128019281462,0.06948989613497022,0.04963564009640731,0.03970851207712585,0.0,0.0,0.0,0.04963564009640731,0.009927128019281462,0.009927128019281462,0.029781384057844387,0.029781384057844387,0.019854256038562924,0.029781384057844387,0.009927128019281462,0.3287486759215738,0.2741662033071677
1,0.04316235985374814,0.008632471970749627,0.03452988788299851,0.05179483182449776,0.017264943941499255,0.017264943941499255,0.008632471970749627,0.008632471970749627,0.05179483182449776,0.008632471970749627,0.008632471970749627,0.008632471970749627,0.02589741591224888,0.017264943941499255,0.03452988788299851,0.0,0.32332485896878466,0.3313762622012302
1,0.04423994954760968,0.017695979819043875,0.02654396972856581,0.008847989909521937,0.008847989909521937,0.02654396972856581,0.008847989909521937,0.04423994954760968,0.04423994954760968,0.02654396972856581,0.0,0.017695979819043875,0.0,0.017695979819043875,0.04423994954760968,0.017695979819043875,0.33096982997127206,0.31511057364785056
1,0.041675052547608456,0.00833501050952169,0.03334004203808676,0.03334004203808676,0.02500503152856507,0.02500503152856507,0.00833501050952169,0.01667002101904338,0.05001006305713014,0.00833501050952169,0.00833501050952169,0.00833501050952169,0.0,0.041675052547608456,0.01667002101904338,0.00833501050952169,0.3349549176766502,0.3316446619424821
1,0.0,0.0,0.017397633520317684,0.03479526704063537,0.026096450280476524,0.026096450280476524,0.017397633520317684,0.04349408380079421,0.026096450280476524,0.026096450280476524,0.0,0.0,0.008698816760158842,0.05219290056095305,0.017397633520317684,0.05219290056095305,0.31880729969417776,0.33324002989946855
1,0.03884146543705203,0.02913109907778902,0.03884146543705203,0.04855183179631503,0.05826219815557804,0.009710366359263008,0.0,0.0,0.02913109907778902,0.0,0.009710366359263008,0.02913109907778902,0.02913109907778902,0.019420732718526016,0.02913109907778902,0.019420732718526016,0.2850292309672532,0.32655611466222645
1,0.04568529502900632,0.01827411801160253,0.03654823602320506,0.027411177017403792,0.01827411801160253,0.0,0.0,0.01827411801160253,0.03654823602320506,0.009137059005801265,0.01827411801160253,0.01827411801160253,0.01827411801160253,0.009137059005801265,0.03654823602320506,0.054822354034807584,0.26080077559009784,0.37371686417785155
1,0.01972848452012483,0.02959272678018724,0.04932121130031207,0.009864242260062415,0.009864242260062415,0.009864242260062415,0.0,0.04932121130031207,0.05918545356037448,0.009864242260062415,0.03945696904024966,0.01972848452012483,0.01972848452012483,0.01972848452012483,0.03945696904024966,0.009864242260062415,0.3233641482946358,0.28206616130286755
1,0.027821383480774408,0.0,0.055642766961548816,0.027821383480774408,0.027821383480774408,0.00927379449359147,0.0,0.01854758898718294,0.03709517797436588,0.027821383480774408,0.027821383480774408,0.01854758898718294,0.01854758898718294,0.01854758898718294,0.027821383480774408,0.027821383480774408,0.32496184524219524,0.304086375014146
1,0.04592698630799427,0.009185397261598855,0.027556191784796562,0.009185397261598855,0.0,0.01837079452319771,0.0,0.04592698630799427,0.03674158904639542,0.01837079452319771,0.027556191784796562,0.027556191784796562,0.0,0.01837079452319771,0.055112383569593124,0.027556191784796562,0.30195371998685316,0.3306303895491927
1,0.010721631721606395,0.010721631721606395,0.032164895164819185,0.06432979032963837,0.07505142205124475,0.053608158608031975,0.0,0.04288652688642558,0.010721631721606395,0.010721631721606395,0.0,0.010721631721606395,0.02144326344321279,0.08577305377285116,0.0,0.0,0.27282038924533486,0.29831434189040923
1,0.038625645318744295,0.019312822659372147,0.019312822659372147,0.009656411329686074,0.019312822659372147,0.04828205664843037,0.009656411329686074,0.057938467978116436,0.009656411329686074,0.009656411329686074,0.0,0.009656411329686074,0.019312822659372147,0.057938467978116436,0.009656411329686074,0.04828205664843037,0.25505109595873404,0.35869245085382295
1,0.040807847905410186,0.016323139162164074,0.05713098706757425,0.008161569581082037,0.008161569581082037,0.0,0.024484708743246108,0.016323139162164074,0.07345412622973833,0.024484708743246108,0.03264627832432815,0.0,0.0,0.008161569581082037,0.016323139162164074,0.0,0.3741524458065064,0.29938477095021204
1,0.029646509450876032,0.00988216981695868,0.00988216981695868,0.049410849084793394,0.01976433963391736,0.00988216981695868,0.0,0.01976433963391736,0.029646509450876032,0.0,0.03952867926783472,0.03952867926783472,0.01976433963391736,0.029646509450876032,0.049410849084793394,0.03952867926783472,0.28128713000918554,0.32342607731246736
1,0.0,0.043758866381243884,0.043758866381243884,0.010939716595310971,0.043758866381243884,0.06563829957186583,0.010939716595310971,0.043758866381243884,0.032819149785932915,0.021879433190621942,0.010939716595310971,0.021879433190621942,0.021879433190621942,0.032819149785932915,0.021879433190621942,0.010939716595310971,0.3055204321461849,0.2568909040413762
1,0.018482777619546326,0.009241388809773163,0.06468972166841214,0.009241388809773163,0.018482777619546326,0.018482777619546326,0.018482777619546326,0.027724166429319488,0.055448332858638975,0.027724166429319488,0.027724166429319488,0.018482777619546326,0.009241388809773163,0.018482777619546326,0.027724166429319488,0.0,0.3560226511811593,0.27432179642791416
1,0.033756126400529655,0.033756126400529655,0.0,0.02250408426701977,0.033756126400529655,0.05626021066754942,0.033756126400529655,0.06751225280105931,0.0,0.02250408426701977,0.011252042133509886,0.011252042133509886,0.02250408426701977,0.07876429493456918,0.0,0.02250408426701977,0.2719512277312858,0.2779670869283188
1,0.05080632468396842,0.016935441561322807,0.042338603903307015,0.008467720780661403,0.016935441561322807,0.0,0.02540316234198421,0.008467720780661403,0.05927404546462982,0.008467720780661403,0.02540316234198421,0.016935441561322807,0.0,0.016935441561322807,0.016935441561322807,0.02540316234198421,0.36280085559094155,0.29849031318260233
1,0.07395295628127484,0.008216995142363872,0.049301970854183225,0.016433990284727744,0.016433990284727744,0.016433990284727744,0.008216995142363872,0.008216995142363872,0.049301970854183225,0.016433990284727744,0.03286798056945549,0.0,0.008216995142363872,0.016433990284727744,0.0,0.008216995142363872,0.29573395298775035,0.3755862413176948
1,0.04963602070047769,0.008272670116746282,0.06618136093397026,0.016545340233492564,0.0,0.0,0.0,0.016545340233492564,0.06618136093397026,0.008272670116746282,0.016545340233492564,0.008272670116746282,0.016545340233492564,0.0,0.024818010350238846,0.03309068046698513,0.3432991739488889,0.32579402138125974
1,0.03519906091801198,0.008799765229502996,0.061598356606520965,0.01759953045900599,0.026399295688508986,0.01759953045900599,0.008799765229502996,0.0,0.061598356606520965,0.0,0.04399882614751498,0.01759953045900599,0.008799765229502996,0.01759953045900599,0.008799765229502996,0.01759953045900599,0.31854207682098457,0.3294673139988955
1,0.05578030280173577,0.03718686853449052,0.01859343426724526,0.03718686853449052,0.04648358566811314,0.01859343426724526,0.00929671713362263,0.00929671713362263,0.03718686853449052,0.0,0.01859343426724526,0.01859343426724526,0.01859343426724526,0.01859343426724526,0.027890151400867886,0.0,0.266641751654386,0.36148956300070884
1,0.04728860028652623,0.015762866762175413,0.055170033667613944,0.007881433381087707,0.015762866762175413,0.0,0.007881433381087707,0.007881433381087707,0.04728860028652623,0.015762866762175413,0.03152573352435083,0.015762866762175413,0.015762866762175413,0.0,0.015762866762175413,0.015762866762175413,0.29485161443829244,0.3898910503181995
1,0.03443393190716427,0.045911909209552355,0.022955954604776178,0.03443393190716427,0.045911909209552355,0.05738988651194044,0.022955954604776178,0.045911909209552355,0.0,0.011477977302388089,0.0,0.03443393190716427,0.05738988651194044,0.045911909209552355,0.0,0.0,0.2503572294783488,0.2905236784261275
1,0.0,0.03209604676508699,0.010698682255028997,0.010698682255028997,0.021397364510057994,0.07489077578520296,0.021397364510057994,0.06419209353017398,0.021397364510057994,0.010698682255028997,0.010698682255028997,0.010698682255028997,0.021397364510057994,0.06419209353017398,0.0,0.05349341127514498,0.2807366885873803,0.2913160212114599
1,0.03169716789912796,0.0,0.03169716789912796,0.01584858394956398,0.0,0.00792429197478199,0.01584858394956398,0.03169716789912796,0.023772875924345963,0.05547004382347392,0.05547004382347392,0.0,0.023772875924345963,0.0,0.023772875924345963,0.0,0.3175918267664949,0.36543649424222563
1,0.027935943426294463,0.01862396228419631,0.03724792456839262,0.027935943426294463,0.01862396228419631,0.0,0.009311981142098155,0.027935943426294463,0.03724792456839262,0.01862396228419631,0.01862396228419631,0.027935943426294463,0.027935943426294463,0.01862396228419631,0.03724792456839262,0.01862396228419631,0.3231618595774752,0.3043588947385986
1,0.042128033622445375,0.0,0.042128033622445375,0.0,0.008425606724489075,0.008425606724489075,0.02527682017346722,0.008425606724489075,0.042128033622445375,0.008425606724489075,0.05055364034693444,0.02527682017346722,0.0,0.0337024268979563,0.008425606724489075,0.0337024268979563,0.33403878537210197,0.3289369456483351
1,0.0,0.0,0.02941708860523679,0.009805696201745597,0.02941708860523679,0.02941708860523679,0.009805696201745597,0.04902848100872798,0.0,0.03922278480698239,0.0,0.009805696201745597,0.009805696201745597,0.04902848100872798,0.019611392403491194,0.10786265821920157,0.272612869993186,0.3351592819369901
1,0.0711038394174512,0.12798691095141215,0.0,0.04266230365047072,0.1422076788349024,0.0,0.0,0.04266230365047072,0.0,0.0,0.0,0.02844153576698048,0.02844153576698048,0.04266230365047072,0.02844153576698048,0.01422076788349024,0.21529443945235563,0.21587484520803482
1,0.031292029494377975,0.0,0.03911503686797247,0.031292029494377975,0.015646014747188988,0.0,0.007823007373594494,0.007823007373594494,0.04693804424156696,0.015646014747188988,0.015646014747188988,0.015646014747188988,0.015646014747188988,0.015646014747188988,0.031292029494377975,0.02346902212078348,0.3306513674214757,0.3564283376347445
1,0.03410047185452912,0.04546729580603883,0.0,0.09093459161207766,0.10230141556358736,0.03410047185452912,0.0,0.022733647903019415,0.011366823951509708,0.0,0.0,0.0,0.022733647903019415,0.09093459161207766,0.0,0.0,0.2514534682952764,0.29387357364433525
1,0.011041493889019614,0.011041493889019614,0.0,0.055207469445098065,0.02208298777803923,0.033124481667058836,0.0,0.0772904572231373,0.02208298777803923,0.0,0.02208298777803923,0.011041493889019614,0.033124481667058836,0.08833195111215691,0.033124481667058836,0.02208298777803923,0.27109464765758834,0.28724559678162725
1,0.04681810809665291,0.009363621619330582,0.03745448647732233,0.018727243238661165,0.009363621619330582,0.0,0.018727243238661165,0.009363621619330582,0.04681810809665291,0.018727243238661165,0.03745448647732233,0.018727243238661165,0.018727243238661165,0.009363621619330582,0.028090864857991744,0.04681810809665291,0.3126584081286924,0.3127967270980842
1,0.02617323779605308,0.01744882519736872,0.06979530078947488,0.00872441259868436,0.00872441259868436,0.02617323779605308,0.01744882519736872,0.00872441259868436,0.0872441259868436,0.00872441259868436,0.0436220629934218,0.0,0.0,0.01744882519736872,0.00872441259868436,0.0,0.3535784471399817,0.2974450489126439
1,0.06670617428382822,0.05558847856985685,0.02223539142794274,0.02223539142794274,0.03335308714191411,0.04447078285588548,0.01111769571397137,0.03335308714191411,0.0,0.01111769571397137,0.0,0.02223539142794274,0.05558847856985685,0.02223539142794274,0.0,0.04447078285588548,0.23695525540941964,0.3183369160317255
1,0.03291015983509789,0.008227539958774472,0.04936523975264683,0.008227539958774472,0.008227539958774472,0.0,0.024682619876323416,0.008227539958774472,0.04936523975264683,0.024682619876323416,0.024682619876323416,0.024682619876323416,0.016455079917548944,0.008227539958774472,0.024682619876323416,0.016455079917548944,0.34411772138248414,0.32678068026653684
1,0.026320248402779,0.017546832268519334,0.026320248402779,0.0,0.008773416134259667,0.017546832268519334,0.017546832268519334,0.04386708067129833,0.026320248402779,0.026320248402779,0.008773416134259667,0.026320248402779,0.017546832268519334,0.017546832268519334,0.03509366453703867,0.03509366453703867,0.3186838193173858,0.3303795353122275
1,0.029417247363696837,0.00980574912123228,0.01961149824246456,0.029417247363696837,0.01961149824246456,0.00980574912123228,0.0,0.00980574912123228,0.03922299648492912,0.0,0.0490287456061614,0.0490287456061614,0.0,0.01961149824246456,0.06864024384862595,0.03922299648492912,0.2616343924663205,0.34613564268438823
1,0.05038250162625858,0.020153000650503437,0.0,0.04030600130100687,0.05038250162625858,0.020153000650503437,0.010076500325251718,0.0604590019515103,0.0,0.010076500325251718,0.0,0.0,0.010076500325251718,0.08061200260201375,0.0,0.05038250162625858,0.27433689683122475,0.3226030901587066
1,0.0,0.0,0.01896365889114444,0.01896365889114444,0.00948182944557222,0.02844548833671666,0.0,0.05689097667343332,0.00948182944557222,0.01896365889114444,0.00948182944557222,0.02844548833671666,0.01896365889114444,0.047409147227861104,0.03792731778228888,0.07585463556457776,0.2559411063201266,0.3647857158569845
1,0.010671721419774965,0.04268688567909986,0.010671721419774965,0.02134344283954993,0.02134344283954993,0.010671721419774965,0.010671721419774965,0.03201516425932489,0.02134344283954993,0.010671721419774965,0.05335860709887482,0.02134344283954993,0.03201516425932489,0.0,0.04268688567909986,0.08537377135819972,0.23729571852982614,0.33583542467917527
1,0.010205618388680025,0.010205618388680025,0.0,0.05102809194340012,0.05102809194340012,0.0408224735547201,0.02041123677736005,0.0408224735547201,0.010205618388680025,0.010205618388680025,0.0,0.02041123677736005,0.0,0.0816449471094402,0.02041123677736005,0.0408224735547201,0.2975170792393061,0.29425818521349295
1,0.0320350198144907,0.008008754953622675,0.04805252972173605,0.008008754953622675,0.0,0.0,0.008008754953622675,0.008008754953622675,0.0640700396289814,0.008008754953622675,0.040043774768113376,0.0320350198144907,0.008008754953622675,0.0,0.040043774768113376,0.01601750990724535,0.3329326470158813,0.34671715483921156
1,0.03105143295660065,0.03105143295660065,0.0621028659132013,0.010350477652200218,0.0,0.0,0.04140191060880087,0.010350477652200218,0.04140191060880087,0.010350477652200218,0.020700955304400435,0.04140191060880087,0.0621028659132013,0.010350477652200218,0.0,0.04140191060880087,0.32429777330302006,0.26168312060897136
