1,0.49812524443942524,0.3525366439599352,0.12371902163323792,0.24809082692145287,0.39660372445492703,0.3647742036022506,0.0,0.3895254124095566,0.0,0.40670669200477466,0.39343815861260406,0.17508260903563397,0.3590564892297546,0.20920858274183432,0.327118522999131,0.15391469884237124,0.01643634789799234,0.36197876090970876
1,0.0,0.14800553180114204,0.20776392927624715,0.10415602293436398,0.0,0.20419097197973296,0.730014037888533,0.26165525451720173,0.20510139486304818,0.34149550844473875,0.5505907437236353,0.4410298067464794,0.4522282793485179,0.23421888628472065,0.2746684736920158,0.25847215878944696,0.17035263466260106,0.36610302944698364
1,0.3178006524829203,0.0,0.4933245483753637,0.3957008179709549,0.18977293936002188,0.1939362995013296,0.17333800280134043,0.06212866723997635,0.38960200009478,0.48651789960629016,0.10458790645067811,0.1396269512814834,0.28634461872098227,0.1112280911319869,0.26087435140273973,0.30686428930805515,0.21566282471994563,0.3617719897805371
1,0.534746307654286,0.20274340508468583,0.18973509959450116,0.09511782653351088,0.12164604305081149,0.18647218764023385,1.0,0.17921248149830393,0.09365180403757543,0.9355861414185085,0.10056258558463609,0.13425306724910496,0.5506478942746266,0.05347360327530302,0.0,0.0,0.2780259438184546,0.32567967492102967
1,0.6580210110389391,0.0,0.6355697535246191,0.0910352135234897,0.05821239775446692,0.08923424786225687,0.31902612034354805,0.057173462689543784,0.717056920926766,0.4477146254159052,0.09624627459234737,0.0,0.0,0.05117842858112989,0.24006776032991162,0.16943380350723392,0.3142038624248986,0.32138716768956227
1,0.2404078286261061,0.14178590965430896,0.49758271443133495,0.09977908445723317,0.12760731868887804,0.19561027451489182,0.6993367285859929,0.06266493526640082,0.5894473163563303,0.32714487572500595,0.42196265772544994,0.2816643025578731,0.14440811136929363,0.1682822465111504,0.0,0.12380520413086324,0.24217967061273765,0.324460435093121
1,0.23283042927691697,0.2746339368305089,0.3855195487231843,0.28990246116110807,0.123585271573729,0.09472242323919931,0.5079707834068532,0.18206940924595924,0.8563028447597811,0.15841680840031824,0.0,0.0,0.0,0.16297816888405764,0.3822489774636415,0.05995149781360952,0.355188326009698,0.22570750330102093
1,0.2310517131914106,0.06813396535222735,0.19128717942475185,0.19179182754792126,0.1839617064510138,0.09399878802366089,0.0,0.3613569674434092,0.09441789885305217,0.4716197332051792,0.10138521229470368,0.0,0.0,0.26955515258040674,0.2528858488211799,0.594934962807238,0.13886817220068165,0.474771187152861
1,0.2285884365367511,0.134815158042237,0.37849567674925627,0.09487355318457626,0.12133364223801331,0.09299665297386296,0.1662386477946407,0.2979204059220011,0.2802338868012338,0.7776528752240917,0.3009129884338091,0.26781658034129,0.2746168840655406,0.05333627700716066,0.6254744880036199,0.0,0.2252854639235718,0.38697430001279387
1,0.6740617233531557,0.3407511613730727,0.0,0.1198985110454198,0.3066760452357654,0.23505307537246278,0.0,0.3012027009095056,0.11805055130088314,0.1965551383285101,0.0,0.6769180269600575,0.0,0.20221463147132102,0.9485483440802187,0.2231538761211095,0.12400996011740172,0.2782190530136428
1,0.3447515624540215,0.15249372545385068,0.7492249324499425,0.1073145021840009,0.0686221764542328,0.0,0.3760756740525151,0.0,0.5283024799449785,0.17592559438407865,0.34037227942385173,0.6058717531118973,0.6212558340147847,0.0,0.2829976576435994,0.2663101976003162,0.1522110221084785,0.358384749104446
1,0.0,0.22434525416102022,0.10497547164114901,0.5262620739745133,0.3365178812415303,0.20634037547428785,0.5532738637474085,0.19830716414065513,0.4145207637342761,0.34509023955409834,0.0,0.14855742647370593,0.0,0.35502656511147573,0.4163396313000464,0.13059647490085372,0.3221240190011502,0.18622048415840495
1,0.0,0.0,0.0,0.3550366839878626,0.07567597879911095,0.1160043102478214,0.622099797915343,0.5202775597786761,0.0,0.19400931650294992,0.0,0.6681504480414653,0.3425579437507544,0.6653183558274246,0.15604375907778487,0.5139482648412059,0.19289357510314004,0.21479141290383075
1,0.08840859879952531,0.0,0.0,0.4403182257471076,0.14078057656841764,0.21580366637163018,0.3857656005838011,0.4148040633438393,0.10838293329093521,0.360916949742192,0.11638075867295111,0.15537064535270523,0.15931576173379253,0.4950786403890523,0.2902893457273907,0.478050857080773,0.16769307904470976,0.3164672893795343
1,0.5596432978574729,0.28291044735628595,0.09928444136638223,0.29863911184215397,0.38192910393098595,0.19515405446641337,0.6977056719504992,0.12503756482569053,0.09801209229811955,0.6527637574659753,0.0,0.0,0.14407130965612713,0.16788976337164363,0.0,0.12351645438921219,0.26501384329476385,0.30092928371148875
1,0.17439212999228546,0.07713875291254854,0.10828413106959948,0.21713960605966073,0.27769951048517477,0.6385316849783937,0.0,0.2727433195347187,0.0,0.35596693347999003,0.0,0.3064794392090256,0.0,0.3051803634752718,0.42946199240976796,0.538850669944441,0.008253790613082923,0.5086177372951378
1,0.0,0.1648283642269824,0.0,0.231989530063319,0.14834552780428414,0.11370002016734514,0.0,0.8013387705088054,0.0,0.1901555481163901,0.0,0.16371960501907729,0.3357534304521803,0.6521025840650068,0.15294413212948427,0.5037392830712908,0.15272931134406992,0.2806991558008388
1,0.38894168827750897,0.06881612556886704,0.38640470992571674,0.29056808346739155,0.12386902602396066,0.18987981593371617,0.16971236509548257,0.0,0.5721792897123211,0.1587805368106917,0.20480057087622563,0.41011930015503245,0.14017763470829114,0.0,0.6385443822733171,0.24035659098484416,0.2304079005284976,0.3636219661797555
1,0.1860261827611689,0.4114241780266458,0.0,0.1158127148379045,0.22216905613438873,0.6811294290278029,0.6087855403061729,0.21820393475710995,0.4561109129733055,0.18985710486881144,0.0,0.3269253043320293,0.0,0.1953237387724397,0.6108163641905121,0.21554943422439093,0.25279834097331605,0.1701337007859932
1,0.31309461980517816,0.0,0.48601933541482195,0.48730153710852003,0.12464183828032563,0.09553223299636755,0.3415423830055938,0.0,0.6717072667990944,0.15977116012354295,0.2060783107306835,0.2751186750844173,0.14105219550567616,0.1095810113432563,0.5140225813334535,0.12092808147756118,0.3045831626597312,0.27509999716986183
1,0.3461673931231477,0.22967998331423092,0.3224150829279969,0.4310208916926763,0.27561597997707715,0.10562348237144244,0.0,0.20302273084068612,0.21218884806352403,0.3532961762846182,0.3417701251905201,0.0,0.6238072163984076,0.1817343893809018,0.14207993824467013,0.2005529131090739,0.08170533577745219,0.43351046187833703
1,0.09393536632169786,0.41550367053603426,0.23330661812088732,0.35088318100820876,0.37395330348243083,0.34394159724472506,0.20494065903770267,0.29382339252835604,0.23031674927436593,0.19173964040885044,0.12365617538550419,0.0,0.5078256405766433,0.2630139719126702,0.0,0.36281120509969755,0.12598954923615968,0.3020924577358674
1,0.08006552630960968,0.0,0.09942909631816259,0.1993828143804095,0.12749518836601204,0.4885959726261592,0.17468055292292758,0.3756592243057639,0.0,0.8171435224500669,0.3161939049591022,0.0,0.1442812179566063,0.28022395760733604,0.3943423416387282,0.30924103694713717,0.11501153687684201,0.46780130846063245
1,0.38023748441351907,0.13455215145115088,0.6610752428137847,0.18937693479245954,0.18164540445905367,0.09281522877026255,0.16591433811983736,0.11893568100241877,0.5593743749024294,0.3104543108150888,0.3003259468840991,0.13364705275915958,0.13704057137348527,0.15969667489748401,0.12485085395564717,0.0,0.25873249488096944,0.3511225174355021
1,0.3994436911246727,0.2120227892864583,0.19841910529601106,0.298413852979484,0.19082051035781245,0.09750342639090011,0.17429485083858953,0.06247162546232074,0.39175265317185665,0.16306784696519047,0.420660980506009,0.42119312995450575,0.28792527779153837,0.05592104224002511,0.6557860283163869,0.061711643919118306,0.1493354683130611,0.43127770048676484
1,0.09603631922606169,0.2548780807850969,0.11926237014223966,0.0,0.07646342423552906,0.11721139162501729,0.4190486996418526,0.3003950293258153,0.0,0.1960280779821822,0.25284372433118557,0.8438785988050143,0.5191836391266897,0.2016723952591203,0.4730024112940126,0.7418516385494396,0.08886570077898438,0.320473446542474
1,0.44665872533841566,0.13171350125963485,0.46223465818158194,0.09269082237004636,0.17781322670050698,0.1817142070148698,0.4872421172144347,0.05821324594432422,0.45631103280219604,0.4558569723812376,0.19599330845126353,0.3924824923739147,0.0,0.10421836669977351,0.24443374457262107,0.0,0.2539636470501875,0.37421321465118834
1,0.466089887841736,0.1374434832384222,0.38587474107921504,0.1934463721476863,0.061849567457289985,0.0,0.1694795980922439,0.12149143734978496,0.5713945239204671,0.15856276322828208,0.306779518584018,0.4095568058405273,0.2799707514360123,0.054376108749854705,0.637668594217373,0.06000673318060067,0.20712534317770653,0.39090291720277587
1,0.20696787827038227,0.7323836929310833,0.0,0.12885020544396888,0.7415384890927218,0.8841079739661559,0.22577297046516967,0.242768005753838,0.0,0.211230062274103,0.13622588199060684,0.18186428272134367,0.0,0.21731209655294137,0.1698945882683136,0.15987645180420196,0.07815134175141177,0.2501133156737006
1,0.335660326931072,0.07423620269683795,0.4168386135071196,0.41793830468665133,0.0,0.0,0.0,0.065620157147673,0.4114967471057715,0.0,0.5523275455540122,0.5898946745309201,0.7560913388936764,0.0,0.6888372427467013,0.19446561899959952,0.15140829437646525,0.3844221604939826
1,0.3003873370826406,0.06643506382513155,0.27977622999739304,0.4675238788178147,0.17937467232785517,0.09165495431762324,0.16384025857063428,0.05872443861553425,0.27619084420420914,0.4598600259753313,0.19771440029661977,0.26395268702392927,0.4059823202069854,0.05256677392397497,0.49316042065232407,0.17403012735971207,0.1637974315859939,0.46806406734745826
1,0.09938727218342512,0.26377142931674447,0.12342373945700466,0.371248056839627,0.31652571518009337,0.48520478820151675,0.21683519060835155,0.388595725850804,0.0,0.40573599861002885,0.0,0.3493294731205861,0.35819952333937816,0.4174185225137652,0.3263377839657774,0.3070946963166183,0.0766466752374168,0.2971097043073767
1,0.08252984860061806,0.0,0.20497881282644706,0.0,0.06570966980511408,0.20145375172719687,0.1800570139319895,0.32268464277926523,0.0,0.5053765406999061,0.3259259797256947,0.7251961920025324,0.14872202335654067,0.23107913591843796,0.8129594658856643,0.38251093278254805,0.09971068296265014,0.4576986863814274
1,0.18711427462927813,0.24829839163631645,0.0,0.34947035639972357,0.4469371049453696,0.5709278713238005,0.20411546928213883,0.3658003976224292,0.0,0.3819352086190087,0.0,0.0,0.16859363002363043,0.4584211643233063,0.15359727757239405,0.28908028201907643,0.1535293758404929,0.2754021407288162
1,0.4960135835384781,0.1253722016781868,0.4399805352828239,0.08822825575783087,0.11283498151036812,0.0,0.30918934607470683,0.055410589962886087,0.5212105208837017,0.28927326726174685,0.2798359206884583,0.2490577084276464,0.12769084676113956,0.04960040528684772,0.23266556904523372,0.16420952257118687,0.18999525053172203,0.48556494006696066
1,0.0,0.17177758463297574,0.0,0.2417702882711282,0.15459982616967816,0.47397460816079456,0.0,0.6073625367987038,0.0,0.19817257128761775,0.12780488259748954,0.34124415951266374,0.5248633654692603,0.47571681697057233,0.4781769276945003,0.37498364580873367,0.08592155967332687,0.3121541104144185
1,0.09078468879597967,0.08031345998911169,0.3382219532887705,0.22607616022901902,0.28912845596080206,0.3324054836058276,0.19806676314715338,0.28396828900750537,0.0,0.7412340747043955,0.11950863492274473,0.15954642283564396,0.16359756907915682,0.2541922443493029,0.2980912294788142,0.5610275002728078,0.1283609854571244,0.33428078924903437
1,0.4286247765204574,0.1516746460045899,0.6387434315868107,0.0,0.06825359070206545,0.10462647245499833,0.3740556836885409,0.06703544729236806,0.31527890629146477,0.0,0.3385440603391361,0.9039262114286569,0.46343919277023926,0.12001263139459961,0.14073880553272688,0.2648797832712427,0.1022338025741695,0.4195319129879637
1,0.08374127246167863,0.07408244082218149,0.10399380893594892,0.20853632459295032,0.06667419673996333,0.0,0.730800005960611,0.13096848254717638,0.0,0.6837263577253111,0.440946828867999,0.8830092811128858,0.3018101133135712,0.11723552877698037,0.6874104873102675,0.3234380528666319,0.23232765571751382,0.2956297184057169
1,0.3986994964368247,0.2645347179086429,0.3713426907348823,0.2482149039532545,0.39680207686296437,0.24330442479553085,0.0,0.23383213485567853,0.24438924217897368,0.0,0.0,0.7006806906153641,0.17961803161745526,0.34885535616022495,0.49092318592617795,0.23098751371155413,0.06940897748595024,0.3020426296104893
1,0.32460344059527524,0.07179081016944323,0.30233074315294467,0.3031283430891629,0.0,0.0,0.17704844736985711,0.0,0.49742719494716525,0.1656440737189025,0.8546135827803932,0.7130789133328512,0.29247406418641153,0.0,0.9326050459109559,0.0,0.17904623318535176,0.3840111906136317
1,0.464798523083483,0.06853133878583542,0.48100702897501346,0.48227600735157544,0.0,0.0,0.33802006411606783,0.060577414486456316,0.6647799649127,0.15812344375419438,0.3059295446429662,0.13614069119796368,0.4187925821881957,0.0542254524229053,0.38154110853775414,0.05984047645092532,0.2579654699144576,0.3362889432731892
1,0.0,0.10284561928928361,0.14437034692122014,0.1447512204582455,0.09256105736035523,0.0,0.0,1.0,0.1425202133669393,0.0,0.0,0.6129228150852771,0.20949531135189903,0.8951430641700437,0.5725823001139954,0.5388189667556792,0.036016469702867024,0.15610402079007996
1,0.18169207542384436,0.16073546567620986,0.22563367406973522,0.3393434011337637,0.3616547977714722,0.5543835181129873,0.0,0.284160184214987,0.22274213546589797,0.1854337432804508,0.11958939441308958,0.1596542383738507,0.0,0.3815460270199913,0.29829266844416213,0.28070331089500833,0.07241550594885597,0.39632004116260483
1,0.0,0.07467006699839407,0.41927477520910533,0.21019044669883657,0.0,0.10301610603770836,0.36829837679407823,0.13200733207412824,0.6208525333957704,0.17228742861773583,1.0,0.2966711204848295,0.15210204423481663,0.11816544772574764,0.4157178400700398,0.26080286566530386,0.20561110565962115,0.3182337808281416
1,0.45876535498070137,0.13528357946068412,0.3798107772494792,0.28560958702304,0.06087761075730785,0.0,0.33363250312427234,0.05979110879339148,0.5624151444568821,0.15607097312491822,0.20130568289550602,0.2687471212705809,0.4133565794406449,0.0535215963354409,0.2510590910614323,0.23625494538236508,0.24846914234053713,0.3580560665274451
1,0.15760472180650945,0.06971319000359184,0.8807439486308758,0.29435583366968815,0.3137093550161632,0.0961775134578543,0.0,0.18486629099212273,0.4830316926701203,0.48255104338061455,0.0,0.0,0.2840098887256805,0.22064237090725294,0.0,0.12174490032262592,0.3188914186656991,0.25321215675566483
1,0.36308815931056315,0.0803022699698908,0.2254498860375401,0.6781339835786512,0.36136021486450853,0.5539319496301557,0.19803916664107662,0.1419643619504139,0.3338410540686273,0.0,0.0,0.0,0.16357477514221605,0.4447744488573352,0.1490248483162702,0.14023733317412732,0.15063485516444083,0.3094505276511388
1,0.41090749776719254,0.18175643557756435,0.0,0.8953529688704024,0.49074237605942367,0.37613144717474883,0.0,0.32132262782640136,0.12593616606297198,0.0,0.270458569550401,0.0,0.18511785589248142,0.575259443319391,0.168651678542888,0.0793534162302939,0.07654424665209796,0.26028816984098585
1,0.07559262724238958,0.13374734272972125,0.2816233263475498,0.5647325931905307,0.1203726084567491,0.09226006480751525,0.32984387993743874,0.11822428046123404,0.4633571161034185,0.4628960443517671,0.09950986021733133,0.13284765778483998,0.54488351378077,0.052913822335683834,0.49641628986264674,0.11678605517985222,0.291099893046518,0.31986789658799136
1,0.18584597022499652,0.24661536694826255,0.0,0.5785026073742022,0.36992305042239376,0.3402347930478885,0.0,0.29065673344065657,0.11391726408287492,0.18967318113360973,0.1223234804350949,0.0,0.3349017257777195,0.32522419874215613,0.4576684776869468,0.3589010351507978,0.08563967652303378,0.35852379872634105
1,0.2977923556409516,0.17562972168563895,0.12327080154047493,0.370788032661308,0.15806674951707506,0.3634526677121525,0.0,0.46573704681036693,0.2433821253757729,0.0,0.0,0.5233449133376084,0.35775566797539,0.41690128717933894,0.6518668188046164,0.23003562481368636,0.1324319330781066,0.2359336360681315
1,0.23309234484919036,0.13747143899917694,0.19297661365862903,0.38697143759346453,0.12372429509925924,0.09482897837362425,0.5085422098258455,0.06075807424634729,0.5715107445533478,0.0,0.10228063899802312,0.27309340597903076,0.14001384849518358,0.21754867501578534,0.3826789769271748,0.3000946922185821,0.20381366335568904,0.3944407285224746
1,0.42256438183918604,0.07476504689008326,0.41980809028887117,0.10522890386333819,0.13457708440214985,0.10314714192647909,0.18438342509551403,0.19826286695114229,0.41442816947572914,0.17250657722664056,0.4450097751973432,0.4455727266414303,0.0,0.23663150697837762,0.4162466307489603,0.19585095404716082,0.1572358180496825,0.371277531572061
1,0.0,0.1908723070914423,0.13396925111090524,0.26864536957527185,0.257677614573447,0.3949960663772461,0.0,0.5061575214573647,0.13225240958487208,0.0,0.0,0.1895883567894767,0.19440231717649625,0.5285972938284035,0.17711028980092364,1.0,0.03855567546704772,0.24589146623067995
1,0.1570717059990465,0.13895484296394456,0.7802358145624456,0.0,0.06252967933377505,0.09585224315879273,0.17134323420520534,0.24565476951887932,0.7702369436616134,0.3206127106964317,0.20676862384931166,0.13802012846658343,0.14152468666995072,0.10994808155755775,0.3868083256540066,0.12133316166653647,0.33437021568249087,0.2388072305554332
1,0.494949535730872,0.07297689779657929,0.20488378843812136,0.20542430672907044,0.0,0.10068018074601572,0.0,0.3225350521441191,0.2022581635795457,0.33676150498545465,0.3257748864666606,0.2899440017816469,0.4459592357274993,0.11548600595141266,0.5417217286039303,0.31861133982110285,0.0994472000818447,0.4584172164559944
1,0.09160692823543629,0.08104086121940804,0.0,0.22812373827027838,0.07293677509746724,0.2236107261814911,0.0,0.573080395323273,0.22460773559917768,0.0,0.12059102793738548,0.4829743176111205,0.0,0.5129889410854546,0.7519776249893357,0.4245815564045303,0.15129347984918362,0.29947821920021367
1,0.1011108550664767,0.08944859227414083,0.37669249465771104,0.6294771225760425,0.2415111991401802,0.37021443948221494,0.22059556570231764,0.15813391494813794,0.24791007228853856,0.20638615412946443,0.13310196273318317,0.7107751516101024,0.7288229024418074,0.2831049543517626,0.4979957441086965,0.1562101798792079,0.16261100560548217,0.1816762284167722
1,0.4912267763577077,0.0,0.5228813738493612,0.5242608238718188,0.11174606113064223,0.0,0.0,0.054875846926147276,0.6882407323093289,0.2864816192124026,0.1847568988578165,0.0,0.25291711802483224,0.04912173376639775,0.34563032519044623,0.0,0.26367552482930634,0.41052876913260195
1,0.3083431998750171,0.0681946195292061,0.47864366745166576,0.4799064108784485,0.0,0.0,0.5045388739085339,0.0,0.567011708983452,0.1573465260785749,0.4059018695056229,0.40641534821178055,0.6945581712435639,0.05395902316070616,0.2531109727069031,0.0,0.21563552087728413,0.3879527110069787
1,0.07598898149997776,0.0,0.4718332663838077,0.18923121712556565,0.0,0.0,0.4973600218327575,0.0594220824737994,0.4657866330080565,0.6204308582964464,0.3000948585715989,0.534176867665036,0.2738702487185902,0.0,0.748528718529055,0.2347967972606912,0.37848672894254437,0.21751901054903294
1,0.26765210150553825,0.3946345767910782,0.1107942781659606,0.33325971696385526,0.49723956675675846,0.2177778541954715,0.3892946126915838,0.13953290714875968,0.21874885668405616,0.1821093222815658,0.3523362552579163,0.1567919874521924,0.0,0.3122547851442374,0.29294493402837435,0.06891772878678491,0.053999519749506605,0.43497858704861786
1,0.15891587267687501,0.1405863009626153,0.2960236884556157,0.5936092986170358,0.37958301259906124,0.09697763688711729,0.34670992357036834,0.062134745763133,0.19482005892056933,0.6487539991694138,0.10459813908626339,0.13964061205507408,0.42955895101081504,0.22247794685535008,0.13044993736886107,0.06137886243814992,0.1874643493984299,0.3932979671840442
1,0.6191227382509947,0.18257076138545406,0.6834270457289378,0.0,0.05477122841563622,0.0,0.30016720117923495,0.053793708987731316,0.6746687976802846,0.1404161367658368,0.09055676957486247,0.362685307013023,0.24792965588948088,0.0,0.11293819395414638,0.0,0.2647822497480581,0.42459347566371236
1,0.13595098434026162,0.24054042782102872,0.16883025865895648,0.5078269848135933,0.0,0.0,0.4449104541536537,0.10631134204455156,1.0,0.0,0.08948269124665223,0.0,0.12249450236023861,0.04758193023689474,0.6695919203168254,0.0,0.24748446647389588,0.45300938457779705
1,0.3726322721476633,0.32965236183205865,0.0,0.2319864571378285,0.22251534423663957,0.4547940564028518,0.20324481189311866,0.3642400709102179,0.11420545977040937,0.0,0.12263294274381004,0.32743487278942257,0.16787449153678255,0.32604697316808645,0.3058842124733374,0.35980900754124134,0.054946391843152746,0.3903325165768541
1,0.19155422464133873,0.33892020252557725,0.0,0.0,0.07625704556825488,0.5844751606163578,0.2089588329544002,0.599168495755962,0.0,0.19549898823912198,0.0,0.16832018551752947,0.5177823361039074,0.3352134520282173,0.15724191791723774,0.5918794746256003,0.034799040820093705,0.38395182657462334
1,0.2990581147078463,0.06614108680810783,0.3713842831311743,0.09309101451349781,0.2976348906364852,0.45624689289617554,0.0,0.2338583253235708,0.18331246132512727,0.9156502649767082,0.0,0.13139234449774728,0.0,0.052334164477954026,0.6137227149834786,0.05775334639161079,0.19204141472076186,0.4400764365124041
1,0.0,0.07911290887548453,0.33316610408579717,0.22269670196680127,0.2136048539638082,0.10914552694647714,0.39021199650089283,0.0699308602033325,0.10963217228823806,0.5476154042122243,0.5886109094140912,0.9429688333375537,0.3223041212908719,0.06259812448245802,0.8809058012518364,0.207240406115025,0.11878400609873925,0.36002651223709353
1,0.0772310322175361,0.06832310049396306,0.2877272689652023,0.09616211415067069,0.0,0.0,0.6739859229001756,0.120786689737865,0.37871998545318997,0.3152859444882838,0.5083332529086663,0.5429080645924039,0.1391733484558959,0.10812136756290885,0.5071756846439233,0.35795187649317367,0.2409489910768193,0.3579687166271705
1,0.18497562709719204,0.08182014402900648,0.2297113413335769,0.5757933973324911,0.14727625925221166,0.5644023751508072,0.20178250433061,0.28929554659224704,0.0,0.3775698292648778,0.12175062216737502,0.32507904148308236,1.0,0.19422067652049874,0.15184171702381397,0.21433215031504924,0.05638349361073439,0.3961345382691173
1,0.148021662136163,0.0,0.36764037607892713,0.27645770545348974,0.1767806685925252,0.18065899598658833,0.0,0.2893760135265966,0.09073224862038669,0.7553496990023568,0.19485517894590118,0.13006778460784302,0.4001112591400697,0.15541975886730583,0.3645214835303301,0.17151341307350604,0.09565876260122583,0.5564623541655774
1,0.0,0.15818717865494034,0.0,0.33396347840653806,0.07118423039472314,0.4364754934657746,0.1950583529324488,0.41948269759195334,0.0,0.1824938917715194,0.1176934338646052,0.31424618608487637,0.4833381208631843,0.37549702728877693,0.29356356069971845,0.552506126793821,0.05153061470169567,0.4356625794776807
1,0.34264241393377615,0.07578039360768735,0.3191319705371763,0.21331592997976065,0.27280941698767447,0.3136437950552539,0.0,0.33492562635216583,0.21002815561097243,0.3496986055895505,0.0,0.15054127568184408,0.0,0.35976762173033866,0.2812663120723041,0.3308511798736332,0.12067038398139182,0.3995752892830769
1,0.37137613282728793,0.1314164429280117,0.6456690285617587,0.0924817733296162,0.11827479863521052,0.0,0.0,0.05808195545737178,0.8195074157708152,0.15160962042958606,0.09777563874634895,0.3915973120904898,0.0,0.0,0.6097061602665101,0.17212612574679742,0.3062683283897327,0.31743388962730673
1,0.31977074880388345,0.14144397904730316,0.09927654899689405,0.29861537226944906,0.0,0.09756927059035425,0.3488251047875567,0.12502762527576786,0.4900215053542646,0.326355933818097,0.4209450534512198,0.5619700830146391,0.14405985706604552,0.05595880579762742,0.9187204341467696,0.06175331787808835,0.21078050493014772,0.36179795330996806
1,0.5080768253019646,0.17978982280585296,0.12619068887307633,0.5060944055170014,0.08090542026263382,0.620102813456257,0.4433925304025421,0.2383844269537552,0.24914706221390148,0.20741595332655155,0.0,0.5357412648169496,0.9155743620122181,0.2133881663938044,0.3336537196582037,0.0784948087133632,0.08044686273199925,0.26820654925182985
1,0.09680973847026024,0.25693071685228686,0.0,0.7232400387024689,0.23123764516705814,0.11815534227465319,0.4224234679708686,0.30281423175271466,0.11868215952984243,0.19760677122174494,0.0,0.3402698775185589,0.6978197793910318,0.33882757410677844,0.31787446042774,0.3739130346231328,0.11948224988568802,0.27759661016923726
1,0.08268002201934314,0.07314359644137977,0.4107035950108975,0.20589355048394023,0.26331694718896714,0.0,0.0,0.2586174463922981,0.3040802625320073,0.6750615156678362,0.5441984049270513,0.4359094665005661,0.0,0.17362471005857533,0.8144387476770047,0.0,0.21988753650478582,0.3213132804706031
1,0.2341171524981206,0.06903792114908269,0.4845626238574977,0.1943363929993104,0.062134129034174417,0.09524590095613293,0.0,0.12205040318271637,0.5740234336030162,0.15929228926693303,0.30819097006465124,0.5485881624743197,0.14062942968463388,0.10925257188816599,0.6406024220218355,0.18084844837131953,0.21284445976834665,0.3805385772749527
1,0.2681800533405718,0.15816520215392435,0.0,0.33391708179724955,0.21352302290779782,0.4364148551497798,0.7801250160904558,0.20971221001871226,0.0,0.547405615221091,0.0,0.47130379311555465,0.3221806480358765,0.3754448605400437,0.29352277673767535,0.1381073421668509,0.19480984765997755,0.2751765214304449
1,0.265641505759245,0.23500205516139072,0.21992398875975513,0.2205041856579545,0.28200246619366887,0.10807095626018336,0.19318512075500105,0.20772710927431937,0.21710562086307245,0.3614826434132801,0.34968951431285483,0.466842510148457,0.3191309398467923,0.18594548110699977,0.43611650875584385,0.20520006170827684,0.1256589372846029,0.3620571406169807
1,0.22218615602854389,0.0,0.8277633231147402,0.09221634484324216,0.05896767127472892,0.0,0.16158265350809137,0.11583051320906271,0.6355652940928713,0.6046979652631962,0.19499003306880044,0.3904734032587911,0.2669254437166113,0.0,0.4863650122952841,0.05721070432557995,0.3938972676621715,0.22155504778347726
1,0.5825328523005842,0.07362038930646816,0.516726002434485,0.41447137083194535,0.2650334015032854,0.0,0.0,0.1301516333019302,0.5101040600767851,0.16986549064862697,0.3286474856029058,0.1462503266975039,0.2999277263570066,0.2330086636812514,0.1366246228592895,0.0,0.15219865755148598,0.39123509510012433
1,0.26813071871607635,0.07906805297623784,0.5549620060362799,0.22257043608974048,0.2846449907144562,0.6545018578679277,0.0,0.13978242079136574,0.32871003719619013,0.3648699426874737,0.11765543507240901,0.31414472778655517,0.3221213794173027,0.12512526446428957,0.2934687800448161,0.20712290373888093,0.09864281442242197,0.3831666241745329
1,0.6910745161377112,0.30568252332753865,0.3218281846532852,0.10755907405243244,0.3438928387434809,0.21086242789671825,0.18846637896794668,0.06755105490769096,0.4236051933786617,0.0,0.11371599818874358,0.4554394100960228,0.0,0.18140357483396807,0.4254639223358973,0.06672928094913336,0.1744367003853588,0.3312961440143073
1,0.0,0.07388469110909662,0.0,0.20797967448938515,0.06649622199818696,0.2038651759619212,0.18221231679085942,0.5224755432263197,0.20477414622396217,0.17047531838528707,0.21988490042226747,0.14677537451843078,0.0,0.467690358717516,0.2742302276026824,0.5806344479849054,0.18870914647290501,0.34700061496496043
1,1.0,0.0,0.7642132515208173,0.09577867201182066,0.12249119732350805,0.0,0.0,0.12030505820275614,0.4715123205149185,0.3140287558545718,0.0,0.27037162145631516,0.2772368018793421,0.10769023843477059,0.1262883360586507,0.0,0.20119663612534516,0.4059391824744963
1,0.2658385410397748,0.0,0.3301306707197793,0.08275040289863592,0.0,0.0811133371050222,0.7249815475745952,0.15591089061758862,0.4073749789458849,0.6782826886949344,0.5249233362618153,0.0,0.0,0.1395625523649088,0.10910999777656054,0.10267613276375501,0.28470126403625046,0.42805297003098947
1,0.08171098407508448,0.14457265728878843,0.10147250234060232,0.10174020406537804,0.0,0.2991823790730376,0.35654096178467676,0.5750693146550148,0.10017211285328165,0.3335747826937696,0.10756404295170005,0.0,0.4417391921161102,0.4003761287792442,0.0,0.4418349176484998,0.1278904632742819,0.4351644246489437
1,0.10331738856015175,0.09140062120995797,0.2566086817131281,0.7718569772176073,0.41130279544481074,0.37829359735327206,0.0,0.565547002205905,0.0,0.21089010141997086,0.0,0.0,0.7447279419564866,0.7232078235525377,0.0,0.0,0.12992904703706842,0.1939098960639169
1,0.0,0.0,0.0,0.22670721090059212,0.14496775285033894,1.0,0.1986196306577025,0.5695218701510955,0.0,0.5574773215710275,0.11984222164082409,0.0,0.0,0.5735289959537685,0.29892329717831023,0.21097256511345802,0.1165307884717235,0.34474032104903896
1,0.08597321218913619,0.15211389120482113,0.747358748849769,0.32114160359057153,0.27380500416867803,0.0,0.3751389376667597,0.06722957992589755,0.6323838889901688,0.3509747911874821,0.2263496491514579,0.4532719772369995,0.3098541991299324,0.1805402765331984,0.1411463808687831,0.06641171678366586,0.31224946741330567,0.18134773694478892
1,0.30193329827288024,0.0,0.8436483447192544,0.18797200724071517,0.12019855645616319,0.09212666195897846,0.0,0.05902666741086209,0.6477619789976279,0.3081511485250247,0.49682987286827285,0.1326555675667493,0.272047821480678,0.05283731193390516,0.1239246249786425,0.11661718913295673,0.27306521107239706,0.34129460772742365
1,0.0831625931218884,0.2207115214206033,0.0,0.20709527098711988,0.19864036927854295,0.20299826876989244,0.3628749705050615,0.4552220675648514,0.0,0.8487519836804639,0.0,0.4384537003640969,0.29972450759036895,0.17463808990192445,0.819192309599498,0.06424059821396308,0.21848182046451303,0.3175518723016334
1,0.17308427999889414,0.07656025250951227,0.0,0.5387779307435269,0.06890422725856105,0.31687151523367196,0.944053549824877,0.13534894346511914,0.31828434497703656,0.1766486835946205,0.3417712772426773,0.30418100330734915,0.3119046595761329,0.36347000395663426,0.14208041717330458,0.20055358914070787,0.24038858352277054,0.25561510327630144
1,0.432369744358081,0.22949977991581522,0.4295494946536478,0.10767067982503922,0.34424966987372285,0.10554061180431167,0.0,0.20286344231442793,0.21202236794202972,0.3530189855138114,0.22766798505528887,0.3039413230119418,0.31165889340358,0.12106120224094663,0.2839369290008484,0.26719408315199206,0.14226972371253988,0.36636562376562054
1,0.0,0.0,0.12350359952518895,0.742976538195039,0.5542784098364427,0.12137968374920956,0.4339509832011012,0.07776943254809814,0.0,0.20299926296894313,0.13091769866309313,0.8738887579576897,0.17921564633856765,0.626532913348831,0.32654893749096847,0.23047004909907948,0.10117033813486499,0.2689061610606644
1,0.3354994315606402,0.2968024733065829,0.2083194030745285,0.1044344925506962,0.13356111298796228,0.20473689318547575,0.5489743424378131,0.13117740558290686,0.30847462523785735,0.17120426225971885,0.2208251171806876,0.4422089358800213,0.30229156567417953,0.11742254478335984,0.2754028222427066,0.3239540064652491,0.13884946218682068,0.39894614131514
1,0.10058847545267643,0.1779729292632003,0.0,0.0,0.16017563633688026,0.6138362696665894,0.4389117593957275,0.7865846556009484,0.0,0.4106397593962575,0.2648286082100163,0.17677574985173272,0.0,0.6336952189593944,0.16514096549073415,0.2331047022682261,0.06795402036952959,0.2935691821482806
1,0.0,0.47231533602395864,0.0,0.132953103502267,0.2550502814529376,0.1303228688414768,0.0,0.7514949553587946,0.0,0.21795613158359642,0.1405636391931148,0.3753105510496199,0.5772604553916645,0.44846366469880106,0.5259133122997146,0.41241824898646673,0.05160117594862891,0.24343242688364916
1,0.07756141977298783,0.13723076140373155,0.3852775211823593,0.2897204616231176,0.0,0.09466295690283974,0.5076518814992169,0.0,0.8557652614584803,0.0,0.6126094293655984,0.40892293311629413,0.0,0.05429195062650053,0.6366816719560155,0.11982772103410096,0.27129490262922623,0.32029525735584
1,0.2587219930163799,0.07629354945935345,0.42839068029982,0.4295208477969137,0.1373283890268362,0.0,0.18815297451348828,0.06743872292769873,0.4229007719573791,0.17603331542148948,0.3405806928452973,0.6062427345714833,0.46622717647811907,0.12073461017042965,0.42475640999761394,0.2664732620529845,0.2317467485817723,0.2686374008537487
1,0.31722108949594957,0.0935441266466936,0.39393991041384824,0.39497919091884454,0.08418971398202424,0.25811016535040376,0.2306958556990307,0.2480614606271875,0.25926099684247683,0.43167169094939434,0.2783924607930555,0.5574892721265319,0.762193122951326,0.14803366397887824,0.5207972062170252,0.408406227493751,0.08381965802282317,0.21880254597018406
1,0.24760570345051364,0.07301550889577363,0.7174726639725201,0.10276649698918582,0.06571395800619625,0.0,0.36013752883984107,0.0,0.7082781148271946,0.16846984049363187,0.760543582390113,0.43514611090435484,0.14873172892869455,0.05777355402518898,0.2710041731574413,0.19126794768817268,0.24712595799912243,0.292378966266518
1,0.3243819025713918,0.07174181378730767,0.6042488119653188,0.30292146156631805,0.1291352648171538,0.0,0.35385522778085504,0.0,0.4970877067470638,0.3310620471802576,0.21350757976969878,0.5700737963005258,0.2922744540833942,0.056765742201736274,0.399415094551984,0.187931436677553,0.2858021483621574,0.26494484399014406
1,0.47675777854737045,0.21088394573842306,0.19735333157124418,0.19787398323581556,0.18979555116458074,0.19395940737812165,0.17335865635213218,0.3728164199289278,0.19482421095488717,0.48657586913396567,0.0,0.0,0.2863787372237406,0.16686201625404307,0.26090543507498637,0.18414051166101822,0.21922890764650435,0.35766952425345916
1,0.30395782067248844,0.0672247286208645,0.3774689659996189,0.2838485950132762,0.1815067672763341,0.09274438942330247,0.0,0.23768981149671312,0.09315790728656262,0.6204347256773158,0.20006448611778568,0.0,0.5477439117114592,0.10638319309258394,0.24951112813082496,0.2934978260477338,0.14524069131345443,0.47899464977767275
1,0.09357036911668065,0.2483335085206043,0.23240007709315016,0.46602637606988057,0.44700031533708773,0.4568068942007677,0.0,0.3658521328356583,0.0,0.38198922578133554,0.0,0.16444202071922862,0.5058524227492729,0.32748999921965705,0.1536190008618116,0.21684087501985796,0.10563527449217103,0.3289475615719068
1,0.09464015477029884,0.08372423130280457,0.4701141926093826,0.23567721691520233,0.15070361634504822,0.5775369325703722,0.0,0.14801396126346245,0.23204479474610012,0.0,0.2491679126838968,0.6652883146031803,0.5116358098387304,0.2649873416506439,0.31075063942712955,0.43864001320366675,0.048527139077395726,0.3811367915232079
1,0.08726855000132418,0.23160863219755362,0.0,0.0,0.13896517931853217,0.21302082947753728,0.19039553312951643,0.7506676310833299,0.10698531094965104,0.5343942665518923,0.0,0.0,0.0,0.549781301013709,0.4298189988268171,0.2696493049048354,0.19646459942629385,0.2968219892047517
1,0.351029490860501,0.23290595591988938,0.5449059455738448,0.2185374000654281,0.20961536032790043,0.0,0.0,0.13724952581878336,0.6455074462387402,0.0,0.4620939480735692,0.46267851153682477,0.1581422267936859,0.12285796109731127,0.5763020940077439,0.06778992704860179,0.16744420580484992,0.32394892009431087
1,0.3278902774691921,0.1450354846703339,0.40718940451604074,0.20413181972031302,0.261063872406601,0.10004672199069327,0.17884118673274804,0.2564045829478186,0.20098559728491305,0.501964007465996,0.10790839288121915,0.14405986721604813,0.44315335297783337,0.17213908803536435,0.13457833204202904,0.2532853628348348,0.14743141082052963,0.41036484963042963
1,0.3606101730466464,0.06380338158064167,0.5373869921071514,0.6286054954881636,0.057423043422577494,0.0,0.0,0.0,0.7957504128343095,0.0,0.09494118466806473,0.12674838436034344,0.5198669377231635,0.0,0.5920311633584797,0.0,0.2559948144637082,0.39760763619832457
1,0.1829301799003192,0.16183076550762932,0.0,0.3416557891838524,0.14564768895686636,0.3348967525378544,0.0,0.357620671524164,0.0,0.1866973446076383,0.12040431253330129,0.3214843407941408,0.49447103591707764,0.32012166371868883,0.4504879866731583,0.565232215448625,0.05436671948049159,0.4097068800550773
1,0.0,0.23235971916585466,0.10872559440162485,0.10901243101723214,0.13941583149951278,0.3205674566891259,0.573038908636259,0.34231908270594613,0.21466451031003608,0.5361272614136707,0.23050509717224102,0.4615933868249843,0.15777133418899306,0.24513964209382338,0.574950486729472,0.20289281588880673,0.16815734998514026,0.32542582096469663
1,0.49617090754236104,0.06270598341630322,0.5281441042841543,0.35302495885656776,0.1128707701493458,0.08651025098118105,0.0,0.0,0.7820637551575181,0.1446825090162785,0.37323290420244065,0.0,0.12773134733599956,0.0,0.4654787303343201,0.0,0.20723200030985345,0.4659930772521663
1,0.09437392291187456,0.08348870698705307,0.2343958580835905,0.23501423423517728,0.22541950886504328,0.23036490625123981,0.0,0.6641891268910262,0.0,0.577904449144059,0.0,0.3317083972913986,0.34013101939564366,0.5284838135410304,0.46481470198285224,0.14580202555183605,0.14533117467124743,0.27555901142050615
1,0.3973472423732984,0.0,0.493444295625009,0.1978984342507825,0.12654600262589863,0.09699168733717672,0.1733800780419966,0.1242874961131032,0.3896965702274064,0.32442399642830294,0.3138398808618449,0.41898253098649013,0.14320706232449373,0.1668826351630584,0.5218753495988993,0.12277551043324006,0.19215984054480645,0.3879067531578263
1,0.2767033809341362,0.16319202579374306,0.0,0.34452967077168256,0.36718205803592185,0.0,0.20122975852849298,0.2885030750175657,0.0,0.37653554664050193,0.12141710888518337,0.4862828214764445,0.16621011419865933,0.38737728989055564,0.6057030990395672,0.3562417118030855,0.16006871316270818,0.2827001559226516
1,0.47977248695236624,0.21221743966826176,0.4965031665805476,0.49781302640448377,0.19099569570143557,0.09759294072677885,0.3489097291551335,0.0,0.5881684604695215,0.0,0.21052358699685186,0.1405266039963934,0.5763792229536137,0.11194476261441022,0.0,0.0,0.2694864272972646,0.2957710771891959
1,0.38106617302780127,0.06742269703529023,0.6625159885302375,0.0,0.1820412819952836,0.5581050602741624,0.16627593140977337,0.11919488912554904,0.5605934740039235,0.4666963712353153,0.20065365099672494,0.0,0.0,0.1066964782852526,0.12512295359178913,0.058872428084420565,0.19723933466807425,0.4182264550009578
1,0.29603454181477945,0.34918602310230357,0.2450863130763103,0.24573289246694388,0.4714011311881097,0.48174303075911573,0.0,0.3086585907864618,0.12097274259516969,0.2014206108548257,0.0,0.3468371360026701,0.17782195084018257,0.41444039510850156,0.3240094840811707,0.15245184438717324,0.10736436314833983,0.270516216158092
1,0.0,0.0,0.5891384260817124,0.19689755782677545,0.0,0.09650114938245281,0.17250320383547896,0.18548836335458352,0.48465708724362616,0.4841748205762986,0.6245052551758539,0.2779090107025274,0.4274483667643492,0.05534620731370279,0.51923595158819,0.18323185519451757,0.18437597595209484,0.40107813335003406
1,0.31394647410021814,0.06943386577838646,0.3898733406353886,0.39090189283746046,0.18747143760164342,0.0,0.17123581837195637,0.18412557559098694,0.38487703935322354,0.48061757574977754,0.30995849952333104,0.13793360303607466,0.2828719284327305,0.16481873192658905,0.2577105558663793,0.12125709736950369,0.2562797857990942,0.3268951820416786
1,0.4429305469318139,0.3918423385126911,0.0,0.0,0.21159486279685322,0.6487108987619656,0.5798102360207753,0.34636410398466805,0.21720109841119206,0.0,0.0,0.15568260521643315,0.0,0.3100454253593474,0.14543610058007383,0.2737204046577374,0.11888509876459182,0.3692202746666772
1,0.2865544895477315,0.06337572677787055,0.44482087445891855,0.44599438760348653,0.11407630820016698,0.0,0.0,0.16806052839859192,0.6147685740588156,0.14622781848547603,0.0,0.0,0.25819121330073636,0.15043821635675222,0.3528377743324104,0.22135471175679344,0.2443042084249177,0.4160600019945898
1,0.3793449253721852,0.0,0.5888602258227801,0.5904137392817805,0.15101584584916627,0.0,0.0,0.0,0.3487883217737053,0.19357847430085565,0.12484207083085785,1.0,0.8544930380946562,0.06638408637632018,0.7784861405351271,0.14651626422725356,0.19308929836329236,0.2169065021496894
1,0.42635047680230986,0.3017397088793446,0.3176771170604304,0.31851520334190797,0.4073486069871151,0.20814264065392052,0.0,0.20003926381325138,0.3136060241647305,0.1740522027247027,0.11224924413369095,0.1498549906382277,0.1536600554689265,0.23875167941881814,0.2799840799245155,0.0658685802123695,0.1719890975420209,0.3463634178536275
1,0.2780827082530783,0.16400551502054941,0.2302240315546165,0.23083140171806352,0.29520992703698895,0.33939723516966824,0.0,0.4349118332203663,0.0,0.3784125232219976,0.12202235604445884,0.16290229091358782,0.33407729634079475,0.45419302953813795,0.15218061088517937,0.2864140211846418,0.05940619443040733,0.39046287865990587
1,0.16562272825734614,0.2197793681224737,0.2056780109918548,0.10311031228851118,0.2637352417469684,0.8085637025750351,0.5420136058942878,0.19427120663631808,0.10152110400982296,0.6761338908466251,0.10901257926156305,0.14553397816411137,0.14922932537694342,0.1739005231884455,0.135955421973243,0.12793856879241772,0.1179336287447233,0.4341562289794765
1,0.2601587572784994,0.15343446287115226,0.2153848339623686,0.32392958369694336,0.06904550829201851,0.10584040923194425,0.0,0.20343969383625277,0.318936954301323,0.1770108835578172,0.7991014362490017,0.4572070427694108,0.3125441880114458,0.06070254363813296,0.7118586923020748,0.2009648036548926,0.05699102089570862,0.4592506920215725
1,0.42009187851872715,0.1486551652029617,0.20867585727318505,0.31383956953030323,0.20068447302399825,0.4101744347418548,0.7332182526029318,0.19710279379323245,0.20600163632862975,0.8574860447129977,0.11060148491939946,0.0,0.3028088151296442,0.17643519879255037,0.0,0.06490166448108885,0.21369101377797747,0.31345756658644264
1,0.15987659831202633,0.14143621520346972,0.49635549859236755,0.39813197507442244,0.44552407789092946,0.0,0.1744029789087244,0.06251038126185772,0.19599784325195108,0.6526760403564279,0.3156914608690334,0.28096961827052647,0.28810389927393354,0.223822936900708,0.13123857224103005,0.0,0.20028140668863023,0.37361651799122736
1,0.08309069874571824,0.22052071547588195,0.3095576886655599,0.1034581181711889,0.3307810732138229,0.10141138799952842,0.7251225274422467,0.129951007533247,0.3055906477946371,0.8480182343816601,0.2187605886757757,0.438074655482452,0.0,0.17448711461294275,0.40924205737534736,0.06418506197393001,0.2715447471894959,0.2588607451534147
1,0.23628241435666944,0.06967642702472036,0.195617664832091,0.3922674750250282,0.0,0.0,0.3436680319915538,0.0,0.38622157423262643,0.16076552398993518,0.7257630634769356,0.6920773111549444,0.28386011721848114,0.0,0.9051379594537405,0.12168069862423798,0.20633732246538927,0.3798507381305935
1,0.0,0.09721710395241397,0.0,0.13682930341394095,0.17499078711434513,0.26824477041533085,0.4795080950317789,0.9452721917008658,0.0,0.22431056420486073,0.0,0.3862525951727497,0.0,1.0,0.18041537525262644,0.3395537237567579,0.14506187444978208,0.10422685086579357
1,0.09165028378220975,0.0,0.45526234891805295,0.3423475563364956,0.07297129447089407,0.2237165562260604,0.5998657468900488,0.14333790542133218,0.4494280750128054,0.18707535983399748,0.24129620204368873,0.48320289874598576,0.3303148103724815,0.32076982967641804,0.1504667038960593,0.4247825015282501,0.19477135174931265,0.2502577578980208
1,0.0,0.0,0.10755487219379968,0.3235158607351403,0.06895732334804472,0.21141045965882888,0.3779124067315053,0.47408634139544575,0.1061765359757623,0.1767848052040555,0.0,0.15220769926558766,0.15607250324021968,0.606250143311264,0.0,0.6690271044905755,0.15974798636456086,0.34527981489760623
1,0.1789585796889839,0.2374758825553624,0.22223909186645677,0.11141269820026099,0.14248552953321744,0.10920860117101425,0.39043749652616133,0.34985636311219387,0.2193910554815376,0.3652879108400136,0.11779021247958946,0.47175688329929016,0.16124518898099066,0.31317149689563667,0.4407074344206537,0.34560028082252203,0.19969332748754104,0.26875139617633886
1,0.16889228032469197,0.07470600812880501,0.4194765857870192,0.10514580909655644,0.2017062219477735,0.20613138207620457,0.18423782538721875,0.3301771787349469,0.20705045663367422,0.34474071231472986,0.2223291850011531,0.2968139179384696,0.1521752558928125,0.29555581149182053,0.13863931285981748,0.3913925978429924,0.15665838434549134,0.3726629742864903
1,0.27449297344999374,0.4047209709927179,0.0,0.22785162810467502,0.2913990991147569,0.3350159988288223,0.39924452371081187,0.21464880545646908,0.11216990969292027,0.18676382171053435,0.12044718475459737,0.321598811343507,0.32976473442305215,0.19214138943674333,0.30043226093218944,0.42407510776178337,0.13297816202093848,0.32121918090609586
1,0.09793987967267719,0.17328672294304998,0.0,0.12194717095660489,0.23393707597311741,0.5976733429880328,0.4273547710976547,0.45952385405130197,0.12006763583208138,0.0,0.0,0.5163631994105935,0.0,0.6170093861620658,0.16079263768940927,0.4539336417724351,0.110227995544494,0.2754716242267389
1,0.4185465785614081,0.07405417000748665,0.5197706177874062,0.20845674444245474,0.13329750601347595,0.0,0.0,0.06545925164271303,0.5131096581027798,0.1708663597326748,0.550973197340236,0.4413361566924994,0.15084746934127724,0.11719079018747222,0.5497185300834401,0.19398877484099644,0.21886333882023096,0.3110773594954458
1,0.09085027770769628,0.1607429675740623,0.11282210245892267,0.22623949271945487,0.14466867081665608,0.4435275139844634,0.0,0.5683468932627699,0.11137626567958966,0.0,0.11959497592814196,0.15966168980831139,0.16371576286995668,0.5087517795467605,0.14915329522822673,0.4912537209494111,0.12285888363667163,0.3397235096509077
1,0.07883643961224678,0.0,0.3916110370535979,0.19632208679722835,0.06276900422537256,0.0,0.3439980600062427,0.06164874596432122,0.3865924668601291,0.32183981761669317,0.622680018305878,0.554193536202957,0.14206635553274563,0.11036889472948623,0.6471479806622312,0.30449387468755656,0.21942373877880586,0.3643436588913654
1,0.44652977493480256,0.0,0.4621012110051245,0.27799218757045163,0.05925396400339059,0.0908308730556296,0.0,0.1745893193290838,0.36494343662142265,0.4557253664430935,0.09796836258506088,0.13078972755078325,0.40233208192718795,0.05209413942519945,0.4887263530687201,0.22995386736049267,0.18216624985271695,0.45493951313753067
1,0.24157574374429133,0.07123735689670699,1.0,0.0,0.19234086362110883,0.0982802802637779,0.0,0.06296936514165065,0.5923108854675382,0.3287341644282049,0.530015720863229,0.28303264400952377,0.14510965431579675,0.05636659046173951,0.13220219440825604,0.18660998544586904,0.19987455776974686,0.3675808999226364
1,0.7548243147597944,0.16694046431801507,0.11717199485662842,0.23496222902725827,0.07512320894310677,0.11515696493575382,0.41170380917762556,0.22134738385507938,0.23134082675175802,0.0,0.0,0.4974524926221279,0.34005575338275323,0.26418343390674487,0.15490394843239164,0.5830790467962366,0.09551586991890798,0.33163552036734983
1,0.29648380285759307,0.1967152199948731,0.1840936914416098,0.27686904287946834,0.0,0.0,0.16171115398525973,0.23184525753322188,0.6360707347561445,0.30258942916280684,0.29271765172739295,0.13026131058548063,0.1335688596340547,0.0,0.7301276995589158,0.17176860540297553,0.21242510995838876,0.42434330122812464
1,0.6755195968804423,0.2561161083537918,0.11984166712097233,0.48063131931039976,0.3073393300245501,0.47112290527710143,0.0,0.22639061088373966,0.11830587328054845,0.0,0.0,0.16959551953879004,0.5217054866565922,0.2702026468343984,0.15843331374936287,0.2981820234300444,0.06962867768641226,0.3368798220060256
1,0.10750964126841375,0.2853280014604247,0.13351047535080307,0.5354507947961068,0.42799200219063704,0.39364340806881404,0.0,0.504424192356004,0.0,0.21944727278429346,0.0,0.1889391142075307,0.38747317851385465,0.5267871200515618,0.3530075563573108,0.33219183816112563,0.06887429680745127,0.2159886620786382
1,0.2954526870112988,0.13068738722166715,0.09172672381090848,0.18393742902773091,0.1764279727492506,0.270447843714427,0.0,0.23103894259585744,0.18110245667158503,0.45230561861573576,0.2916996338583658,0.0,0.0,0.10340645350893134,0.4850589669472851,0.39939952722485383,0.088641043216712,0.5659627087426311
1,0.54325720614984,0.24029859257414737,0.6746420783763117,0.2254739663188288,0.07208957777224421,0.0,0.19753917722895006,0.07080297228866678,0.5549970094676854,0.0,0.23838060499685862,0.6364857706764262,0.6526471918671816,0.0,0.44594581600747524,0.13988327602997155,0.17291319662486876,0.2870100226415134
1,0.23323285754187625,0.13755430951160702,0.5792788313765987,0.29040353374347977,0.18569831784066945,0.09488614316427643,0.3392325127768044,0.0,0.47654605214621376,0.31738123767255527,0.20468459159525124,0.546516064210886,0.28019650324505646,0.05441995441893299,0.5105462178815764,0.0,0.26054876441134217,0.33031971582059916
1,0.1039846797012842,0.2759728382647553,0.12913301404716232,0.25894737781545163,0.3311674059177064,0.3807368643558444,0.0,0.32525695653510667,0.0,0.0,0.0,0.9137214598671831,0.37476894058281296,0.29115150871545814,0.6828667131034803,0.5622752303448505,0.036959232194319784,0.2907535572458589
1,0.3096549929347794,0.0,0.7690879592511163,0.19277923603329872,0.36981760570738964,0.0,0.0,0.0,0.37961597512204215,0.7900796489256531,0.30572153184728257,0.2720962482284154,0.0,0.0,0.5083755795298248,0.11959957740203661,0.24071737865709622,0.35620750723253025
1,0.2869382540101391,0.0846141358872305,0.11877775871151375,0.3572733439402608,0.1523054445970149,0.23347022830541914,0.2086729673201632,0.29917440236048737,0.23451119812088767,0.0,0.0,0.5042697464646747,0.17235799507032873,0.40170583687531236,0.3140536069711293,0.6649534747334557,0.12040625818335995,0.2894308859513654
1,0.557014979876525,0.0,0.4940908014217987,0.09907885940320567,0.0,0.0,0.34721447778350745,0.18667550452716025,0.48775893348585186,0.3248490535141142,0.20950071382997215,0.2796876518143925,0.2867893815797287,0.1671012831279311,0.2612795527395826,0.2458727393660257,0.26155952503483704,0.30895453625636105
1,0.16923252171421393,0.0748565068725162,0.315241230725574,0.526788151207468,0.06737085618526459,0.0,0.5538269432826829,0.2646738688701601,0.6224027083564707,0.17271760429315083,0.0,0.29741186344358506,0.3049636401111624,0.35538146697926315,0.2778372164658681,0.13072702550586046,0.3088163827868195,0.20020443097317672
1,0.08981105367268861,0.15890425051588353,0.0,0.5591289244289102,0.3575345636607379,0.2192270313797749,0.0,0.3511535312786689,0.0,0.18332114740434674,0.0,0.1578353413402023,0.32368608081719163,0.44006570717608656,0.29489430172794834,0.48563433610019646,0.10890824073493874,0.36685683248921935
1,0.38575921872295166,0.20475913717980665,0.28743224917328714,0.28819054434769387,0.061427741153942,0.0,0.16832371365690776,0.12066284167785755,0.5674975000658525,0.15748133376950024,0.5078120358163968,0.27117569819039905,0.13903064772249218,0.0,0.6333195680734864,0.1191949507442234,0.19042367138195737,0.4154860476334878
1,0.0,0.0,0.3099938697792313,0.2072077908981492,0.0,0.10155428133985306,0.907680323314351,0.13013411451867812,0.5100353986067923,0.5095278787987068,0.5476720811807374,0.5849225639357323,0.0,0.2329773000466098,0.5464249311722872,0.1285510033951355,0.32694567533009167,0.1954585354219
1,0.47170043008780865,0.25037631865770066,0.4686236352475239,0.11746498603115892,0.22533868679193056,0.690846933155356,0.20582364405648493,0.1475446640095452,0.4626181339074625,0.19256574895550327,0.12418894692463164,0.3315894663236533,0.17000453428745052,0.19811037396516576,0.3097653646564841,0.07287487479427557,0.17636227689523962,0.24114577976082535
1,0.16702229960112627,0.14775772164015516,0.20741606381382383,0.31194489401704817,0.19947292421420945,0.20384908882832245,0.18219793829845765,0.19591286787804876,0.30713698104439346,0.17046186606706148,0.21986754916179468,0.2935275847563733,0.15049036659783604,0.23382672648359668,0.41131288187565557,0.3870590864953711,0.17153969378528455,0.3663213508719857
1,0.24622672465443002,0.07260886705695731,0.20385053634777325,0.20438832874391996,0.06534798035126158,0.3005173176627089,0.35813183184246417,0.5134535543041704,0.20123815281197024,0.5025947680089498,0.1080439889707209,0.0,0.4437102129227269,0.40216258942023064,0.1347474411823779,0.0634009093683176,0.20511355560467467,0.34456092826309065
1,0.6676432515120957,0.08437662511228544,0.3553330532797427,0.35627048232740255,0.15187792520211377,0.1164074402110568,0.0,0.1491673118591315,0.35077939237334715,0.1946835239393984,0.25110947250746,0.5028542678687128,0.34374837685600035,0.1335260846115915,0.6263441251915699,0.2947053151154178,0.11341056318300977,0.3002428101573983
1,0.24167240179376653,0.1425317200462826,0.20008002297579805,0.20060786811618891,0.19241782206248145,0.5899176219973365,0.1757538302993717,0.31497280060782196,0.09875797964430026,0.49329854378793747,0.21209111521569807,0.14157294479081595,0.4355031445427208,0.16916743071978357,0.2645101809465478,0.0622282169592047,0.1261846458064513,0.4498347549979808
1,0.6111379092714041,0.13516210903801618,0.47433718390899543,0.28535313965971615,0.1824688472013218,0.0,0.1666664681171245,0.0,0.3746067698817541,0.3118616756191027,0.20112493156940822,0.4027587219413841,0.2753236191446513,0.05347353957234632,0.3762504996132102,0.05901070332379477,0.18373985491059827,0.43138026617909025
1,0.6565762783354546,0.07260573528318023,0.6115252315309008,0.10218975652182925,0.26138064701944885,0.0,0.0,0.19253677798800872,0.30184420947817425,0.5025730900351879,0.43215731522120454,0.1442346692989392,0.14789702492139428,0.17234796141361355,0.13474162924066985,0.06339817475320171,0.1671863431414377,0.38711844987775673
1,0.07677374490630968,0.2037556719593081,0.38136483597082466,0.47796367661254047,0.30563350793896216,0.09370160740490582,0.3349976157863178,0.060035754021081404,0.564716359200154,0.3134191267379211,0.10106467922448185,0.0,0.1383492987898172,0.1612217664425695,0.25208634092743815,0.17791621622520457,0.3002527304338173,0.29654380312122297
1,0.4680045776497305,0.0,0.581189862520032,0.29136157012783725,0.06210364449163137,0.0,0.17017581757178,0.0,0.669365437404994,0.15921413652472166,0.410719685255941,0.2741595057676271,0.14056043340354546,0.054599484935302214,0.512230501286539,0.180759719643583,0.23479029794600614,0.35635962525541665
1,0.0,0.16559095520620096,0.0,0.4661256945815649,0.2235477895283713,0.3426781859076334,0.40837568831655385,0.3659301024339377,0.22947071961559132,0.0,0.0,0.328954132478771,0.0,0.5240956690636368,0.46095521941166273,0.43377417533615914,0.21478441062178028,0.20636517652926706
1,0.3351714644083671,0.1779074005975693,0.4162315212778322,0.16693184433791122,0.0,0.0,0.2925001029803452,0.1048393385872342,0.7396153827827198,0.13682952135594875,0.4412184995921374,0.0,0.12079842433592886,0.0,0.33016032296889675,0.10356394417035761,0.24786114452895336,0.4629968749226237
1,0.549426424439938,0.0,0.8339262564424493,0.22803444430459419,0.048605483745593626,0.0,0.0,0.0,0.823239332280094,0.12460911413924976,0.0,0.10728561512266845,0.11000977345202752,0.0,0.20044887468427972,0.0,0.34290011266259035,0.4226691722277718
1,0.0,0.254257072232926,0.11897178826253323,0.3578569682422172,0.381385608349389,0.5846290346962303,0.0,0.22474733929975801,0.11744714208572919,0.19555045702506585,0.252227672473416,0.0,0.0,0.33530170327474984,0.1572833148098129,0.7400441225380113,0.03993220306598996,0.37791840404435206
1,0.3011103558790842,0.2663798801309868,0.6543824905030633,0.1874596750981851,0.35961283817683215,0.18375112733242868,0.1642346146966655,0.0,0.5537112462633176,0.3073112589028175,0.19819028995671786,0.13229400462901364,0.0,0.10538659956434089,0.12358685889549248,0.0,0.22507501497975313,0.39736955888592934
1,0.0,0.0,0.1144066273368873,0.22941690296779335,0.0,0.22487830797405756,0.2009936091273137,0.5042878883980844,0.0,0.18804683521320334,0.12127462211898225,0.6476162045474295,0.49804518432875683,0.45140980564450234,0.45374421566352213,0.5693178416599335,0.1353948265961443,0.3115580058730624
1,0.5195002922055356,0.06565434654191975,0.46081402653047254,0.09240594646622671,0.0,0.0,0.16191487588584189,0.0,0.45490860681687634,0.0,0.5861728282930453,0.521701649302378,0.267474256374829,0.0,0.36552375312859664,0.2866416626136793,0.12650570078971798,0.5196306481253025
1,0.30540624542092626,0.0,0.37926768725282256,0.5704023899053837,0.12158112418298082,0.0,0.1665777216337354,0.059705613712630855,0.46800912430405134,0.31169561565918585,0.20101783665943443,0.2683628407763588,0.2751770149520439,0.10689013201375473,0.5014002052296729,0.17693784399584406,0.23971508200482333,0.36907903541485676
1,0.5921436129163671,0.0,0.4595946832283839,0.09216143443879322,0.1767976765756346,0.0,0.1614864387983114,0.11576154170147748,0.09074097792639227,0.7554223708336415,0.09743696293447972,0.3902408951005471,0.1333832512172978,0.05181157057585443,0.48607540528927723,0.22870655239532672,0.16211839948864312,0.4818789080897372
1,0.4633678820280209,0.40992240373406336,0.11508635962685823,0.34616993106987587,0.29514413068852563,0.0,0.0,0.4348149001300174,0.11361150595969988,0.18916409134509565,0.0,0.0,0.6680056744766745,0.19461077102458765,0.30429338578256754,0.35793773158310105,0.08313040492148152,0.36409530931580325
1,0.5737775254617482,0.0634496561933805,0.44533976945117076,0.1786058606116033,0.17131407172212734,0.0,0.31295546292555165,0.05608552510933856,0.3517061242367096,0.43919519099154,0.18882966314778116,0.25209138486071314,0.258492399992544,0.10040913760391851,0.2354995791148463,0.055403231930499765,0.1752484154332185,0.4925508450027758
1,0.435607099304512,0.0770727174481766,0.4327657330685686,0.43390744269919757,0.06936544570335895,0.10633084383634553,0.0,0.13625491733194406,0.5340246969871918,0.0,0.22937264197724114,0.6124341483355837,0.47098864443976757,0.0609838221043762,0.715157244704529,0.13459734524899405,0.13683754783952676,0.36529427484381966
1,0.23775788536565437,0.07011152308705129,0.5905176116125015,0.1973584991790626,0.1262007415566923,0.3869082424664893,0.17290703748850852,0.18592259554101526,0.5829500156972943,0.3235388560559582,0.2086557450674882,0.1392798007907295,0.1428163441474667,0.1664273218710321,0.2602257469729832,0.061220268282521265,0.23873011573459443,0.33809711764884826
1,0.3417629760727363,0.07558589303054636,0.530521458987766,0.2127684259418531,0.0,0.0,0.18640777242291598,0.06681319893296375,0.5237227252209565,0.17440052853157542,0.6748433124451506,0.6006195649643902,0.6158702841666148,0.0,0.5610888084708181,0.132000802320571,0.1788126942124347,0.3368264202700736
1,0.26926274388687355,0.23820561478506175,0.0,0.22351010960844567,0.2858467377420741,0.4381767394959517,0.3916372597266701,0.3509314258140615,0.0,0.3664103926633935,0.11815216634818683,0.0,0.0,0.43978736454346595,0.0,0.48532717119869007,0.0805235838361739,0.39930577900534947
1,0.10300686605284678,0.18225182957735606,0.25583743911444984,0.5130247636093401,0.3280532932392409,0.25143775218135345,0.0,0.32219842241005214,0.0,0.210256266941851,0.0,0.3620517341459415,0.7424896470187302,0.36051710388361025,0.3382227086271886,0.5569879092126521,0.0660845376805373,0.2689173073565292
1,0.2703468737602959,0.15944313310161376,0.111909776027207,0.4488200522226802,0.28699763958290475,0.43994096608842065,0.0,0.2114066264873262,0.22095126177049618,0.18394283356825722,0.0,0.15837059899747008,0.32478377827732485,0.2523189005596228,0.44384153899599627,0.4176696335137513,0.08441780001155624,0.39094329660177296
1,0.08191646712587042,0.14493622200430611,0.712093765284715,0.20399211136761164,0.1304425998038755,0.0,0.7148751494223268,0.06405727474472299,0.6025441266452898,0.16720682066100362,0.4313381603766735,0.4318838167954931,0.29523337177399744,0.2293617007894948,0.0,0.06327800341708323,0.24805254730129334,0.29818384561561107
1,0.39387927267629186,0.1393794818318688,0.2934825656866385,0.19617121508356858,0.06272076682434095,0.19229032538810292,0.3437337006687099,0.12320273894286941,0.5794430611704592,0.3215924866841429,0.0,0.2768838217899601,0.0,0.11028407725146211,0.5173205227245168,0.30425987395222176,0.29317272717464504,0.28233730408873964
1,0.1777293768523244,0.2358447451771904,0.0,0.6638846640037579,0.4245205413189427,0.21691697225995782,0.19387786011146962,0.347453324181575,0.2178841363486058,0.18138943904816723,0.0,0.0,0.16013765312527703,0.4976326932223402,0.2917869145284719,0.06864529508149218,0.1788429906416937,0.2989232608965374
1,0.09089339633817736,0.16081925811269512,0.11287564918072442,0.5658671717344561,0.2894746646028512,0.11093450436437467,0.0,0.4264624781317137,0.11142912618993013,0.3710608221771663,0.0,0.0,0.4913803929985818,0.38174492942837246,0.29844817033896465,0.42127446501616,0.13973488982909346,0.32032773670327186
1,0.16794611855099373,0.07428749303136435,0.0,0.3136702959849026,0.1337174874564558,0.10248830042644987,0.0,0.5253239567473114,0.10294526330328846,0.3428094192846244,0.22108366107536348,0.1475755592672618,0.15132274558416062,0.3526800722435398,0.551450532342161,0.38919995343156316,0.09869145954628461,0.44287922240198174
1,0.08677259415286735,0.15352825153830027,0.21551649054149183,0.10804252985477002,0.06908771319223511,0.3177153163782548,0.18931349638003217,0.6106921464129432,0.3191319083637183,0.17711908359664108,0.0,0.0,0.31273523441829554,0.42517754160362675,0.14245876490375683,0.4021752916329256,0.24797274218331755,0.24456402109335318
1,0.17423487139400146,0.3082767712925143,0.10818648554701106,0.4338875996069633,0.4855359147857099,0.5316299060156701,0.3801316880859173,0.13624868623603298,0.10680005508328522,0.3556459392872074,0.11468107624971674,0.15310153525234332,0.15698903519367713,0.24392413297293086,0.14302490794631934,0.13459118995578304,0.18188130268307254,0.31484196005238474
1,0.5143415018757049,0.22750832865917892,0.3193666056266831,0.5336819151107209,0.409514991586522,0.10462479835960614,0.18702484927039412,0.0,0.21018257440833638,0.17497785707826619,0.0,0.30130391599622325,0.46343177742497366,0.18001606666515116,0.14073655361521198,0.19865665875963978,0.13903415255782775,0.3782919870226226
1,0.45480515624906104,0.2011736571644679,0.4706651723387363,0.2831441202828138,0.1810562914480211,0.09251421009570063,0.3307524883163487,0.059274974192911625,0.650486911635606,0.309447444308463,0.09978397624093248,0.13321360817023067,0.27319224182623564,0.05305958202764317,0.24889187445888372,0.0,0.2876616487953096,0.3214192764049721
1,0.09064780089154832,0.24057708276222214,0.33771197197989117,0.1128676378723976,0.28869249931466656,0.0,0.0,0.2126550847630866,0.3333841285939963,0.37005820975403625,0.47731374472817234,0.477917561715694,0.0,0.12690448279077982,0.744104396228018,0.4201361745070882,0.11232785782905953,0.35376875002187463
1,0.22927598631732551,0.1352206559481433,0.37963411849827916,0.3806356578903459,0.12169859035332896,0.0,0.6669546459065423,0.05976329856986702,0.56215355220351,0.31199676183242475,0.20121205098014192,0.268622120786982,0.2754428785088375,0.10699340441347992,0.376413476532873,0.059036264439766,0.36664695918205475,0.22596595709576128
1,0.24058921311023493,0.2837857704451208,0.69714138748727,0.09985436643895793,0.19155539505045655,0.0,0.8748304609667318,0.0,0.884838069682828,0.4910875532227438,0.21114051144723261,0.14093840724927853,0.0,0.05613640440346256,0.13166231605519058,0.0,0.5310081972025276,0.0
1,0.4706239619633091,0.08326831151891612,0.8182198301904671,0.35159075713154125,0.299765921468098,0.0,0.0,0.07360397607628986,0.46156239250210884,0.1921262944258935,0.24781107035599387,0.6616654911995185,0.5088497001997223,0.19765826604008607,0.3090584487415153,0.0,0.18834654327460362,0.23009196777434443
1,0.07477731299939772,0.19845718970850387,0.0,0.0,0.059537156912551174,0.18252996344033942,0.9788589159070719,0.17542373535644595,0.09167190337296263,0.9158068361266016,0.295309750518567,0.39424443559397426,0.13475165020904323,0.05234311333170796,0.49106212654880405,0.28881610947805586,0.22312449675792326,0.40508929709224145
1,0.1803422292016998,0.15954131254321524,0.0,0.4490964197353449,0.21538077193334054,0.1100529665434779,0.0,0.3525613386835358,0.11054365787104478,0.0,0.0,0.1584681180105075,0.3249837686398585,0.37871140442048734,0.29607656061087606,0.7661991694507627,0.06497096866868952,0.4121304753014239
1,0.17077200449766475,0.0,0.53018155460517,0.21263210549857894,0.20395115617748094,0.2084255671091263,0.1862883412147658,0.0667703918066019,0.523387176777907,0.17428879034837727,0.22480364708195733,0.600234748819924,0.0,0.23907621247038402,0.5607293196286728,0.26383245916943737,0.3101099818523799,0.19024081642757015
1,0.17320294354157095,0.22983822262226572,0.1075457375337154,0.5391473074308755,0.34475733393339864,0.5284812612994123,0.0,0.2031626044856594,0.31850255513427206,0.0,0.0,0.15219477223060873,0.15605924796654846,0.3030993271734331,0.28435565002423036,0.26758811354575845,0.18679601289478417,0.31503893241575504
1,0.43632699812546305,0.2316002711748268,0.21674046807645553,0.43462453261095463,0.34740040676224015,0.42602627894112904,0.38077731978193075,0.0,0.10698144880251172,0.35624998335445807,0.11487585542777624,0.4600847080765573,0.31451134398818437,0.18325381800826937,0.2865356549677998,0.06740989265546368,0.1167695828745206,0.38619907026811434
1,0.09514482877920308,0.3366827821154706,0.23631055164192522,0.11846698954043364,0.2272608779279426,0.5806166811164091,0.6227381020880278,0.0744016270658264,0.34992328022087776,0.38841675869788217,0.25049661475216456,0.6688360023856319,0.171454712299675,0.06660010043094071,0.6248154697777604,0.22048954301302473,0.20586241342117959,0.1991740581709565
1,0.19424250880213098,0.17183831509213113,0.36182907938589143,0.2418557640370624,0.309308967165836,0.3556066332963015,0.0,0.37973579031195825,0.23812811377662388,0.0,0.0,0.3413648033937357,0.17501630877029892,0.40790143069785545,0.15944866098511307,0.5251627051851708,0.09736754816832742,0.29894293528157523
1,0.22250158520912985,0.19683795140132404,0.09210427411315289,0.0,0.11810277084079442,0.27156101619997464,0.16181204621600795,0.40598233674164635,0.18184788051768813,0.6055564318170731,0.19526685295466867,0.0,0.0,0.15574811696135651,0.48705548608553356,0.2864596208626299,0.13245089308401417,0.5134870692272768
1,0.28505376087893036,0.0,0.26549476865379595,0.26619518902235045,0.056739436766397346,0.08697633423953981,0.621907465774258,0.0,0.5241848050277635,0.2909240031115506,0.28143280238691576,0.25047895447593566,0.0,0.1496503489444279,0.35098991019944087,0.27524430508021797,0.3116119758938753,0.3447540670138279
1,0.5846016053187925,0.0646466081740048,0.5444891078797996,0.27296278139038566,0.17454584206981294,0.1783751404100037,0.1594296202803784,0.057143555749557866,0.44792614668849173,0.4474804297978116,0.28858778701508847,0.0,0.26336875407718097,0.05115165759123095,0.11997109148850528,0.0,0.21139743850441053,0.4370614827705372
1,0.0,0.1659957414791868,0.23301782759834555,0.2336325682710668,0.37349041832817026,0.34351586104233117,0.0,0.5869193868221768,0.0,0.3830046042620881,0.0,0.0,0.1690656820610692,0.5253768183408065,0.0,0.5073069565288116,0.14741405460155235,0.2793604886784368
1,0.5205256030045963,0.0,0.3693788090311212,0.5555299397581038,0.11841106522063746,0.0,0.0,0.05814887275367178,0.5469677236254201,0.15178429268041382,0.1957765757402307,0.13068282620145896,0.1340010782252167,0.10410312026951145,0.6104086140227795,0.11488295696218327,0.16690516981080197,0.4727207458806894
1,0.5273897002527672,0.0666514084063982,0.6549370711792292,0.18761854474228248,0.0,0.0,0.16437380140320207,0.0,0.8312707640478971,0.0,0.1983582536577778,0.3972183662479519,0.2715362628497666,0.0,0.37107479146804395,0.17459685331530866,0.2474456769267388,0.3715852899262134
1,0.33088558882286095,0.073180199357789,0.20545456076900526,0.2059965848544692,0.06586217942201009,0.0,0.3609498386752539,0.12937343257080944,0.20282162135405604,0.5065495002177208,0.3266824413918672,0.7268793444783366,0.298134402907942,0.05790386542681545,0.679038594621172,0.3194989382907624,0.17694237345152156,0.3689994165155599
1,0.09354959898536942,0.24827838509179187,0.1161742452310013,0.0,0.14896703105507514,0.45670549522942677,0.0,0.5852334774405269,0.0,0.0,0.0,0.16440551896770553,0.16858004565869195,0.458384227219628,0.0,0.8671709684696788,0.05392685313958116,0.38714509758153826
1,0.16746024642814838,0.07407257754387692,0.3119398898443732,0.31276284034437557,0.2666612791579569,0.30657539799357,0.0,0.2619020910114216,0.10264744020353722,0.6836353269321086,0.11022203038790782,0.1471486196578209,0.3017699305508314,0.23443984026050557,0.274927586405972,0.3233949905769138,0.11132132834694528,0.4314073850309343
1,0.6840531764976798,0.25935152478284457,0.12135558087352967,0.36502721262659976,0.2334163723045601,0.47707441999296235,0.6396053293928686,0.0,0.2396007718787593,0.0,0.25728146270983887,0.5152138637992003,0.528295991695518,0.13680800654689507,0.16043474095169205,0.22646163180584353,0.03864831409652758,0.35812722508315586
1,0.0,0.2129146513011428,0.0,0.7491727854395243,0.383246372342057,0.5874814146314333,0.0,0.7528129063647863,0.0,0.0,0.0,0.21148242765908223,0.6505569436105529,0.7581096582188973,0.19756336667918176,0.2788705372528721,0.025564704181633466,0.12266700609611605
1,0.3825172225753768,0.2030383012238565,0.4750276869439415,0.285768534479373,0.30455745183578475,0.0,0.0,0.17947315122940058,0.5627281397507249,0.4684734892433384,0.10070885677023418,0.0,0.0,0.0535513821759131,0.6279970261866713,0.0,0.2003442776755562,0.4115359002267089
1,0.1778769342005638,0.31472073600444994,0.33134378124892033,0.22147861501043206,0.42487299360600733,0.651291193696076,0.3880776490275864,0.0695483584962616,0.10903251581428348,0.7261601404489716,0.23415655076292613,0.31260368827665064,0.32054121037813205,0.12451146146468063,0.1460145832821214,0.0,0.14890697151333024,0.3316670873333272
1,0.15350974449147503,0.06790186145739596,0.47658886022296254,0.2867077096312139,0.18333502593496906,0.2810357205198433,0.3349152660676355,0.18006298777093696,0.5645775396052554,0.4700131222235583,0.0,0.0,0.13831528951542732,0.21490951282251952,0.252024372608021,0.11858165369316048,0.3457522419025108,0.24574522995240777
1,0.3278162703609604,0.14500274915620312,0.8141949980904248,0.10204287287688245,0.1305024742405828,0.10002414075211631,0.1788008210373545,0.12817335532815377,0.602820700327725,0.3345671404735996,0.21576807441806595,0.2880547038110776,0.44305333019457116,0.05736674501669969,0.13454795677972498,0.1266140972864613,0.313613523928524,0.22427073300579745
1,0.1783386296157234,0.315537621687363,0.11073460450844894,0.22205348246902518,0.07099596487965666,0.2176605593197793,0.5836274086613872,0.2789155098043518,0.3279465582414851,0.18201123843186345,0.23476432493220054,0.4701226184606284,0.3213732036203498,0.18725196306811298,0.43918073138841923,0.275522439142343,0.20658714359510663,0.26445142901702356
1,0.3480609954004774,0.07697879234539091,0.1080595851654195,0.6500679884121178,0.13856182622170365,0.10620126315245004,0.0,0.20413330426009788,0.32002434286292236,0.3552287743781262,0.0,0.30584390099940995,0.47041467146587257,0.06090950382484662,1.0,0.26886663486674106,0.1889038375039968,0.30809953270018053
1,0.38424424066691887,0.13596999607808669,0.47717237837459703,0.28705874417428967,0.18355949470541702,0.0,0.0,0.1802834503762793,0.5652687879114174,0.1568628630931924,0.20232708968018684,0.2701107197993502,0.0,0.16137948018897066,0.5046658842570271,0.059363420389102854,0.1935711682516689,0.4153087050018209
1,0.35414573896781865,0.31329809039523693,0.10994866459234097,0.3307161836255799,0.28196828135571317,0.21611571141526764,0.5794851075384655,0.13846795215103988,0.21707930293554278,0.1807194119238008,0.34964712433115386,0.3111906124488657,0.3190922542295615,0.24789725395566567,0.14535454731364794,0.13678345799579655,0.0874498305190449,0.40501024400245755
1,0.078593552030129,0.13905693085668117,0.585606780968775,0.09785861854778992,0.2503024755420261,0.0,0.514407351987345,0.12291762406749814,0.48175176523806923,0.641696519417537,0.10346026671918682,0.27624305927916415,0.1416286625856091,0.16504328797242265,0.2580616716814234,0.18213345478930892,0.4143468190110143,0.14851116212624052
1,0.1801108199160589,0.2390048914763986,0.4473399947969282,0.11213003845238197,0.35850733721459793,0.6594705009275856,0.7859027239433226,0.07042178868707968,0.22080362368601036,0.7352796970244285,0.11854861490662351,0.316529553746453,0.1622833800165314,0.1891127271290635,0.0,0.06956509159867492,0.2718821063128865,0.1814520887615316
1,0.5029291275710835,0.2669523610218805,0.24982431751265674,0.250483396565074,0.16017141661312834,0.0,0.43890019654872736,0.23596918006077222,0.36993415679311276,0.0,0.7944648944138097,0.35354218561741,0.36251920353941464,0.21122617488929243,0.3302732299171812,0.23309856127530518,0.09603192748491833,0.262121703920282
1,0.35377580386779733,0.06259416482200995,0.5272023068972406,0.2642965781381012,0.0,0.08635598412928508,0.30873588611113834,0.0,0.867410181163426,0.144424508202072,0.3725673476411977,0.248692438081744,0.0,0.04952766087226844,0.46464867912606705,0.0,0.29225774603067906,0.37207278587434783
1,0.28442147599767104,0.0,0.0,0.4721861952201135,0.22645432640658184,0.2314224262819768,0.0,0.444825448912177,0.11622713279834805,0.0,0.0,0.3332311477841179,0.0,0.597273623040092,0.46694849426018725,0.5126497204236321,0.147273745781185,0.2685896543822915
1,0.3429872584235345,0.0,0.3407500303870782,0.3416489869393254,0.16385038780892422,0.25116756364749654,0.4489812785237467,0.053642032713681204,0.42047906712846,0.5600808825909078,0.0,0.12055422755847539,0.12361529779391538,0.14405188059490293,0.22523950880925828,0.05298946517601008,0.2683947090197391,0.4226889811275569
1,0.23383144783912954,0.06895367078336245,0.29038277297406256,0.38819846950964115,0.0620583037050262,0.09512966770554619,0.6802063007135599,0.0609507295408293,0.4777691038466281,0.3181957941265786,0.20520991299214822,0.2739593466988874,0.2809156253701914,0.16367886841373264,0.25592826537016994,0.24083700017075962,0.26744215651928405,0.3203850420743725
1,0.3650507023293527,0.16147263026595257,0.11333423733006076,0.5681661616489275,0.29065073447871465,0.0,0.3982191928721566,0.21409754920461266,0.22376367488918802,0.18628417904902694,0.0,0.16038644424164983,0.16445892001109583,0.38329587245262736,0.1498303487662012,0.4934836755025637,0.17095042846817113,0.281249234182972
1,0.3485973270367647,0.23129222985108397,0.21645219112256325,0.43404645765587174,0.4163260137319511,0.2127298200723433,0.38027086463383497,0.1362985705850704,0.10683915748766186,0.5336642264049744,0.11472306411025078,0.3063151797753692,0.31409302629691915,0.1830100801732753,0.2861545465087809,0.06732023372517999,0.16469392537580532,0.33375712551736697
1,0.3580006990393066,0.0,0.5334983126061302,0.178301923973099,0.0,0.0,0.0,0.16797025024474949,0.5266614298919575,0.29229853669738914,0.47127082122542413,0.2516623966525542,0.2580525190677881,0.05011913483116471,0.5877470636636015,0.055308951306014265,0.24257699038943628,0.4184219242784032
1,0.36214262236296413,0.12814904097699747,0.44972556029419897,0.360729610267551,0.11533413687929772,0.0,0.0,0.05663786603939769,0.7103395862273113,0.1478401562853198,0.19068929362395956,0.12728701440873164,0.13051904118253843,0.0,0.5945470595237555,0.16784656052227154,0.20463614722784046,0.45179354880566774
1,0.38667694479907627,0.25655782720660564,0.24009671178434314,0.24073012775788347,0.30786939264792673,0.0,0.2109051973843831,0.3779684378414489,0.11850991329569048,0.19731997982596391,0.0,0.6795520715431521,0.3484035084938551,0.3383358256089593,0.4761196825214511,0.2240222194583864,0.07793197796020042,0.3257305854239884
1,0.26610596952886617,0.23541294705156057,0.33046277586197587,0.3313345928866066,0.07062388411546817,0.32477974228461,0.5805686921190573,0.2080903119897621,0.5437130538468542,0.362114681658706,0.3503009327338976,0.15588625533156944,0.31968892779713287,0.18627059949861605,0.29125269426131245,0.0,0.2980957588754638,0.16703420061902893
1,0.3699191510773952,0.24543913186198144,0.2296914077612998,0.11514868638628216,0.07363173955859444,0.11287067964481115,0.20176499432822623,0.36158805313052633,0.22674786852563472,0.18876853251687242,0.0,0.48757624833712737,0.4999566116932638,0.19420382270792397,0.45548562214148036,0.5000649530260687,0.07092515891146776,0.37992134496075997
1,0.3138924775009813,0.0,0.48725785643224206,0.19541733022203786,0.0,0.1915513547635536,0.34241273401607597,0.06136463575963967,0.5772162647887916,0.16017830429533128,0.8264138368742608,0.4137296382612911,0.1414116382190775,0.054930128085562496,0.3864993471780321,0.060618120998137355,0.17453039406750098,0.4186897825452777
1,0.35070530039867936,0.0775636191661045,0.7621637829011448,0.5458389290199974,0.2792290289979762,0.0,0.0,0.0,0.5374260775255543,0.17896376737817685,0.11541679623148454,0.46225120852031076,0.47398852743773606,0.12274449661588277,0.43182739113440993,0.06772732020692912,0.2471457555153647,0.23549575391739086
1,0.38120965975817783,0.06744808439065136,0.378723115673424,0.5695833775275736,0.12140655190317244,0.18610506975377641,0.1663385409810946,0.05961988539605857,0.5608045599788766,0.15562403372568676,0.10036460258060893,0.13398875597071735,0.41217285297579037,0.10673665379778943,0.5006802696515843,0.0,0.2353306538471444,0.3752067193242186
1,0.3907269243829063,0.13826398096100487,0.2911337260059046,0.09730059543531039,0.06221879143245219,0.28612704186098226,0.17049134212682782,0.3055417649652513,0.47900465288894717,0.47852801077710494,0.0,0.2746678274393181,0.0,0.10940143668916737,0.641475290737209,0.12072991193947442,0.2519842596806774,0.33548477016476225
1,0.36807377205299885,0.06512392906088595,0.3656729103822007,0.3666376177320253,0.175834608464392,0.26953827087925514,0.16060677543046026,0.11513095508133445,0.5414801133499325,0.15026147331065323,0.09690619559818851,0.12937171333516487,0.0,0.25764668978082345,0.24171380594090236,0.05686518040364254,0.2606652710064016,0.3758621702657163
1,0.0,0.0,0.19081689446791641,0.3826406037987195,0.18350943137728512,0.2813030680105583,0.3352338688268139,0.3003904675736512,0.28255730931114337,0.47046024271271586,0.0,0.0,0.13844686796926609,0.3226709323096203,0.25226412178827157,0.3560833789948381,0.2254897203152257,0.37975817040552434
1,0.3430475505495754,0.22760998653095157,0.4260124115515823,0.5339203809638765,0.4096979757557128,0.10467154800784349,0.0,0.0,0.3154147358828487,0.0,0.11289663770259724,0.4521578220836914,0.46363885330866766,0.12006433566773031,0.4223983173920418,0.13249694986566726,0.1519084546422541,0.3634355818862279
1,0.4034922055460118,0.1427811475076538,0.4008603174727108,0.3014383913916772,0.1285030327568884,0.0,0.0,0.12620959850868563,0.39572321598509963,0.16472060189602064,0.21246227013076163,0.2836413888319961,0.29084351048692797,0.05648782336836792,0.5299461362108253,0.37402269004704497,0.09912981811437106,0.4786054308867047
1,0.17424183702986715,0.23121682178438988,0.5409540533619427,0.1084762364375349,0.06936504653531697,0.10633023194847678,0.0,0.34063533311004135,0.6408259486881323,0.1778300787259888,0.45874264407442517,0.3062153120213993,0.3139906227363223,0.12196694233788241,0.5721225034279172,0.06729828534983734,0.23541624069187894,0.2547880039095887
1,0.24571826393748059,0.0,0.6102887486855654,0.3059493971167651,0.19563910830071246,0.0999655821044128,0.0,0.12809831685940812,0.4016451879164701,0.5015569046477101,0.32346263106929796,0.2878860635828989,0.29519596451527513,0.11466631986855576,0.40340755899450204,0.18980995751665164,0.23889662213445562,0.3085629060079095
1,0.4056268212283264,0.07176825499824681,0.30223575715607875,0.10101103550102575,0.0,0.19802543279356358,0.0,0.31719322918707293,0.397816730980153,0.331184063630098,0.3203794053994458,0.4277129273105265,0.0,0.11357332764340297,0.7991246064934875,0.18800070081372355,0.188776320978787,0.3733852461374899
1,0.09469337623093692,0.08377131412818192,0.3527839231162759,0.7074292542497577,0.527759279007546,0.5778617139403777,0.0,0.2961943956108371,0.11608764326650736,0.19328688031555502,0.0,0.1664156108727535,0.3412823542104893,0.5302727177541577,0.0,0.0,0.12531303163088275,0.294467197391865
1,0.34114142877709036,0.15089685746618184,0.21182265041778553,0.10619073730357566,0.13580717171956364,0.5204497362319053,0.18606876189530344,0.40015013458289256,0.10455405135919944,0.17408335498014615,0.0,0.14988181202212722,0.3073751157838071,0.35819161759858587,0.14001709605302068,0.329401847596403,0.08660486566933609,0.4419147626589695
1,0.36041462673023894,0.12753756646537745,0.626611516870379,0.08975208923683164,0.05739190490941985,0.0,0.4717942603808928,0.11273522687935565,0.7953189051463958,0.4414041716131586,0.3795588055031489,0.0,0.0,0.05045707821434575,0.2366840502050001,0.0,0.34605214597441075,0.2970812600276246
1,0.2618377637154297,0.07721234729003078,0.10838743975578354,0.5433669213095228,0.1389822251220554,0.10652347956271747,0.0,0.1365017654150119,0.3209953020765379,0.0,0.45957637611745134,0.6135436730300476,0.31456127830271985,0.18328291283732137,0.7164528691003615,0.2696823807378903,0.1437567593219359,0.3557918117460147
1,0.0,0.3419011057924206,0.47994636618561204,0.12030313658832104,0.3077109952131785,0.7075389507045559,0.21079668759731585,0.30221917980750174,0.35534682141540896,0.394436919145951,0.12718955962477724,0.33960122251069214,0.3482242564365848,0.2028970519978834,0.31724981404003155,0.07463565367391234,0.1965459539053022,0.1933082647804748
1,0.16323976241353433,0.07220573370414014,0.7095155659155926,0.10162676981270732,0.12997032066745223,0.19923253905627833,0.3561434399011886,0.1914760489021022,0.6003625615720944,0.49980430009300125,0.32233234639922975,0.286880095124291,0.14708222643098362,0.11426563808626729,0.401997920489387,0.0,0.30655867328037434,0.23587572320129604
1,0.2981338718156882,0.2637467077656444,0.0,0.2474755081434912,0.23737203698907997,0.6064491414582154,0.6504446042412022,0.4662711664129922,0.0,0.4056979716590101,0.13082078236414127,0.17464836639002315,0.3581659516677108,0.48694263407657723,0.0,0.1535329571811529,0.12341967281291735,0.24477777757503705
1,0.4487211035718484,0.1323216681723964,0.4643689558985909,0.09311880804154561,0.11908950135515677,0.0,0.48949188304223396,0.05848203668885087,0.6417851707211712,0.15265394070372118,0.29534741628851596,0.26286314676784023,0.0,0.10469957904112577,0.2455623799394575,0.1733117682034989,0.3213241373302578,0.2948969315958047
1,0.6531519916339346,0.0642018397137759,0.5407430245358558,0.18072319887721397,0.11556331148479661,0.17714792000688945,0.15833274499596872,0.05675040826633143,0.533813299455379,0.2962678439019581,0.38213640526817916,0.0,0.13077838894012736,0.1015994686968498,0.0,0.056060026632550705,0.1752273424482245,0.4831705806167649
1,0.4383849869908316,0.06463684493398585,0.7258758353733784,0.18194770483023823,0.0,0.0,0.0,0.11426985131281739,0.7165735979824912,0.14913761638755796,0.19236280207130985,0.1284040980677182,0.2633289788680528,0.0,0.3598589186410748,0.22575946512422365,0.2788421816691936,0.36157449678909354
1,0.31087785936239787,0.06875519663759729,0.6756095361048255,0.19354054542945212,0.18563903092151265,0.1897116987350378,0.16956210390389337,0.0,0.6669514709342699,0.0,0.511548107572387,0.27317079045970943,0.14005352319518147,0.10880516009619003,0.12759580462314546,0.12007189114248747,0.22491196571200228,0.37054493429173574
1,0.49265124345167843,0.290552121760387,0.20393241300465637,0.40894084281070736,0.32687113698043535,0.2004253470496613,0.17913783782450504,0.06420747289354056,0.40263796040773236,0.0,0.21617476977208136,0.28859765025975037,0.2959256195489197,0.11494974805707785,0.404404687652795,0.0,0.11185364833244595,0.4487455061671386
1,0.4176525863448987,0.12315999069748228,0.6051038194275203,0.08667145517856946,0.11084399162773405,0.0,0.15186682724160425,0.05443286193448423,0.5120136844070055,0.2841689978168875,0.36653089948682327,0.24466304844690356,0.25087544589227356,0.0,0.22856015078038652,0.10754134755867556,0.1733052791193221,0.5181039247533535
1,0.3041202453004077,0.35872347311344954,0.2517804483071942,0.37866703194816853,0.32285112580210457,0.6186263256142672,0.4423367963110944,0.31708909969968413,0.0,0.2069220882340608,0.0,0.534465644957163,0.913394345433332,0.28384010832009576,0.0,0.0,0.0763798691096193,0.2754418522900534
1,0.0,0.2507760092535686,0.1173429317510052,0.11765250236861492,0.15046560555214114,0.8072747353623504,0.4123044251407661,0.44334059497325023,0.23167831936264927,0.1928731531036128,0.12438719712042741,0.16605940114658047,0.34055184525580984,0.3968532586553255,0.0,0.36495604643717805,0.14255769205664334,0.2773768087926662
1,0.2799491647599318,0.0,0.3476538998753023,0.17428553500491026,0.0,0.08541880678635022,0.3053853333922775,0.21891545364166767,0.2573989865892289,1.0,0.6449171132366242,0.0,0.3783595292433279,0.0,0.3447045634357731,0.0,0.22284196572827242,0.4583841883290951
1,0.24673005657350863,0.14551458540371015,0.4085344873609052,0.3072092031321565,0.13096312686333914,0.0,0.17943195901110665,0.19293867980689425,0.40329903992127425,0.33574810835673047,0.2165297008160799,0.43360723547562136,0.44461723677766635,0.11513848069284419,0.5400915572056361,0.12706102456759016,0.2349755802159834,0.30922841823655767
1,0.37207449773158985,0.0,0.462059425294079,0.0,0.059248605936890915,0.09082265963284446,0.48705740401389624,0.05819117733696822,0.45613804555759624,0.15189471909022562,0.5877570225093374,0.39233370249151256,0.0,0.20835771515630455,0.12217053994178977,0.22993307367801255,0.2586695922410605,0.3692497376827752
1,0.0,0.0,0.32264603604756903,0.10783241039423366,0.20686005739105612,0.3170974284875207,0.18894532238609577,0.33861360092309256,0.0,0.7070985004411339,0.0,0.15219893443622598,0.15606351585741612,0.3031076162999494,0.28436342655075936,0.7358874366678292,0.12486097709371943,0.3844451181242408
1,0.6279886114584834,1.0,0.0,0.46915373890351797,1.0,0.0,0.0,0.2946458051635053,0.0,0.0,0.0,0.44145477775393815,0.4526640410692366,0.26375014887890985,0.4123997113853467,0.09702045729266923,0.0,0.09314418021974216
1,0.2763709852082802,0.0,0.429012937502564,0.3441157972960189,0.11002229187182926,0.0,0.15074102030302375,0.0540293446241822,0.5082180657783465,0.2820624190775901,0.18190688106405828,0.2428493320312865,0.24901567623200624,0.09672798620397947,0.4537316141389676,0.16011619604688598,0.25129052915176836,0.43638563981339523
1,0.3011751284523318,0.35524957566402743,0.0,1.0,0.7193803907196554,0.3675813089592188,0.0,0.15700919588328144,0.1230734125382126,0.0,0.0,0.0,0.36181959414347287,0.5621827708233407,0.0,0.0,0.07876788721336239,0.28362253072309196
1,0.09751839665202305,0.08627049287259782,0.0,0.6071118643234285,0.15528688717067607,0.35706075803628395,0.0,0.5338040155202797,0.23910185259110617,0.0,0.25674572702295007,0.1713803456600792,0.527195924038056,0.5460925281361105,0.4803020058833677,0.15066004804854122,0.12155372107711937,0.26743654762704666
1,0.41349720262101936,0.07316077518962316,0.4108000542227029,0.2059419073277486,0.06584469767066084,0.0,0.3608540320167945,0.06466954653639816,0.5069194663890871,0.3376100314299037,0.43546097373899884,0.2906745637647683,0.2980552693058348,0.05788849604507868,0.407315014734539,0.3194141339152533,0.21209513498437077,0.32983419504702427
1,0.2311618527997803,0.13633288800909368,0.7655134550080188,0.09594162621747135,0.061349799604092155,0.2821307883895538,0.33622027792259757,0.06025487033655812,0.9446290674439876,0.15728151624413078,0.5071677071082201,0.0,0.0,0.1078734585284706,0.12650319825138231,0.0,0.3012342828196053,0.29234432313700953
1,0.5891484638159712,0.4343294025664858,0.2438773258790364,0.2445207157557576,0.23453787738590226,0.47936663874744784,0.21422615565969533,0.23035200574569556,0.0,0.20042702236457513,0.0,0.3451262217875796,0.884723861344197,0.1374653335072783,0.0,0.30339962821909633,0.04718535765070618,0.34336372393439235
1,0.29066230103809937,0.06428422951701604,0.5414369565414433,0.09047755989131989,0.05785580656531443,0.0,0.47560779713276896,0.05682323569607029,0.5344983385898521,0.4449720637480041,0.2869700988233059,0.3831108334359858,0.261892431991753,0.05086492531703697,0.3578957689425318,0.11226393620006041,0.2806252840917809,0.3639839867993126
1,0.23246024944817312,0.1370986465575426,0.28867995500520904,0.0,0.06169439095089417,0.18914364589631158,0.33810876980259,0.3029665582633048,0.28498046627644075,0.4744948189790459,0.10200327630056694,0.40852925468837337,0.27926832319137096,0.10847936532194671,0.50885498044487,0.23942472089793868,0.22522073387661135,0.37277264254468995
1,0.25981292256806965,0.07661524954653254,0.2150985182047768,0.32349897703603614,0.13790744918375855,0.10569971326744397,0.0,0.06772308567132289,0.42468397926875573,0.0,0.5700279809145857,0.7609987791253582,0.0,0.12124370084575672,0.9952773642222492,0.267596875677476,0.10094574741852093,0.4112501588166872
1,0.44497790129619236,0.15746141930212026,0.0,0.4432416815918658,0.3542881934297705,0.21723647667309776,0.19416342942986073,0.4175581200521538,0.0,0.1816566137448683,0.0,0.0,0.1603735253410393,0.498365673403424,0.0,0.3437320253994998,0.12861655228135427,0.35378201955226346
1,0.0,0.0,0.2079930292318859,0.20854175022902663,0.06667593144938577,0.3066241980873283,0.0,0.3929156701386191,0.10266377942951156,0.34187207335717595,0.11023957532286466,0.44151612749288116,0.3018179657193436,0.2930964474402581,0.549942697721517,0.5175143487707259,0.08854364107366003,0.45679494199330134
1,0.09425256879491961,0.333525400072396,0.11704722585230193,0.23471203269488436,0.15008643003257818,0.11503434160861943,0.2056327059893037,0.2211116851053255,0.2310944866203196,0.19238710994597927,0.6203686978514897,0.331281858069569,0.5095404744615154,0.0,0.6189560042829227,0.5824581630073976,0.04792701364995847,0.38609630599381506
1,0.09013595009061288,0.0797395476835471,0.0,0.561151604013172,0.35882796457596183,0.4400401944058177,0.393302793993422,0.2819390787671095,0.11050054857150857,0.1839843217207121,0.0,0.31681263870755855,0.0,0.5047516217537394,0.2959610980562362,0.27850922570046033,0.1791116582599094,0.28456177907683267
1,0.28293307050884087,0.06257479686077469,0.5270391793298043,0.0880715997250817,0.0,0.0,0.15432017834226772,0.05531220421195723,0.69371342885538,0.14437982019825835,0.46556508425941806,0.49723097474108013,0.12746412187238182,0.0,0.580631133721054,0.10927863731570837,0.25626000923860603,0.4126702521729379
1,0.2742460382726662,0.24261412925567638,0.6811429840314345,0.11382332585112197,0.0,0.0,0.797770722897535,0.07148523545858153,0.44827600444628907,0.18659580809308976,0.2406776597949011,0.6426189990631791,0.988404229524317,0.06398951271131173,0.0,0.2824624051925818,0.23745002510792212,0.2050111928326394
